Algorithm,Best Fitness,Best Found At Evaluation,Best Solution ID,Candidate Type,Dataset,Evaluation,Experiment Name,Final Percentage,Fitness,Improved Best,Initial Percentage,Model,Requested Keep Percentage,Run ID,Search Seed,Selected Instances,Solution ID,Split Seed,Target Metric,Training Seed,accuracy,best_epoch,best_validation_loss,candidate_duration_seconds,epochs_trained,evaluation_loss,evaluation_split,f1,precision,recall,training_seed
RS,0.40665,1,1,random,TINYIMAGENET,1,main_b1000_tinyimagenet_alexnet_RS_kp25_seed456,0.25,0.40665,True,0.25,alexnet,0.25,TINYIMAGENET_alexnet_RS_accuracy_kp2500_seed456,456,20000,1,42,accuracy,100456,0.40665,1,2.969746650028229,23.533342443406582,10,2.969746650028229,valid,0.4048478141309177,0.475656255412149,0.40665000000000007,100456
RS,0.4241,2,2,random,TINYIMAGENET,2,main_b1000_tinyimagenet_alexnet_RS_kp25_seed456,0.25,0.4241,True,0.25,alexnet,0.25,TINYIMAGENET_alexnet_RS_accuracy_kp2500_seed456,456,20000,2,42,accuracy,100456,0.4241,2,2.998264810180664,22.503217935562134,10,2.998264810180664,valid,0.4191746966998279,0.4738596493721765,0.4241,100456
RS,0.4241,2,2,random,TINYIMAGENET,3,main_b1000_tinyimagenet_alexnet_RS_kp25_seed456,0.25,0.41165,False,0.25,alexnet,0.25,TINYIMAGENET_alexnet_RS_accuracy_kp2500_seed456,456,20000,3,42,accuracy,100456,0.41165,1,2.934505754375458,23.21137858182192,10,2.934505754375458,valid,0.4070305331916518,0.47677628992706234,0.41165000000000007,100456
RS,0.4241,2,2,random,TINYIMAGENET,4,main_b1000_tinyimagenet_alexnet_RS_kp25_seed456,0.25,0.4198,False,0.25,alexnet,0.25,TINYIMAGENET_alexnet_RS_accuracy_kp2500_seed456,456,20000,4,42,accuracy,100456,0.4198,2,2.983573981714249,22.969797022640705,10,2.983573981714249,valid,0.4171017541952625,0.4609218042867508,0.41979999999999995,100456
RS,0.4241,2,2,random,TINYIMAGENET,5,main_b1000_tinyimagenet_alexnet_RS_kp25_seed456,0.25,0.40995,False,0.25,alexnet,0.25,TINYIMAGENET_alexnet_RS_accuracy_kp2500_seed456,456,20000,5,42,accuracy,100456,0.40995,1,2.9572077169418334,22.878167517483234,10,2.9572077169418334,valid,0.40764425183369424,0.47592670377855784,0.40995,100456
RS,0.4241,2,2,random,TINYIMAGENET,6,main_b1000_tinyimagenet_alexnet_RS_kp25_seed456,0.25,0.41185,False,0.25,alexnet,0.25,TINYIMAGENET_alexnet_RS_accuracy_kp2500_seed456,456,20000,6,42,accuracy,100456,0.41185,1,2.9290866522789,22.93696191161871,10,2.9290866522789,valid,0.40850089890200225,0.4668935300761012,0.41185000000000005,100456
RS,0.4241,2,2,random,TINYIMAGENET,7,main_b1000_tinyimagenet_alexnet_RS_kp25_seed456,0.25,0.40635,False,0.25,alexnet,0.25,TINYIMAGENET_alexnet_RS_accuracy_kp2500_seed456,456,20000,7,42,accuracy,100456,0.40635,1,2.97025655002594,18.404674381017685,10,2.97025655002594,valid,0.40415687373415393,0.4761304383557707,0.40635000000000004,100456
RS,0.4241,2,2,random,TINYIMAGENET,8,main_b1000_tinyimagenet_alexnet_RS_kp25_seed456,0.25,0.4172,False,0.25,alexnet,0.25,TINYIMAGENET_alexnet_RS_accuracy_kp2500_seed456,456,20000,8,42,accuracy,100456,0.4172,2,3.004467983913422,22.67422828823328,10,3.004467983913422,valid,0.414362450199389,0.4714154186604585,0.4172,100456
RS,0.4241,2,2,random,TINYIMAGENET,9,main_b1000_tinyimagenet_alexnet_RS_kp25_seed456,0.25,0.4002,False,0.25,alexnet,0.25,TINYIMAGENET_alexnet_RS_accuracy_kp2500_seed456,456,20000,9,42,accuracy,100456,0.4002,1,2.9625916330337523,22.86471500992775,10,2.9625916330337523,valid,0.3984319237390118,0.4727736585948631,0.40020000000000006,100456
RS,0.4241,2,2,random,TINYIMAGENET,10,main_b1000_tinyimagenet_alexnet_RS_kp25_seed456,0.25,0.40925,False,0.25,alexnet,0.25,TINYIMAGENET_alexnet_RS_accuracy_kp2500_seed456,456,20000,10,42,accuracy,100456,0.40925,1,2.9701547073841095,22.802035994827747,10,2.9701547073841095,valid,0.4109172578208918,0.487640334408858,0.40924999999999995,100456
RS,0.4241,2,2,random,TINYIMAGENET,11,main_b1000_tinyimagenet_alexnet_RS_kp25_seed456,0.25,0.40965,False,0.25,alexnet,0.25,TINYIMAGENET_alexnet_RS_accuracy_kp2500_seed456,456,20000,11,42,accuracy,100456,0.40965,1,2.98681381111145,22.92497978359461,10,2.98681381111145,valid,0.4032646877153362,0.475239785459511,0.40965,100456
RS,0.4241,2,2,random,TINYIMAGENET,12,main_b1000_tinyimagenet_alexnet_RS_kp25_seed456,0.25,0.41575,False,0.25,alexnet,0.25,TINYIMAGENET_alexnet_RS_accuracy_kp2500_seed456,456,20000,12,42,accuracy,100456,0.41575,1,2.8892087532043456,18.200365275144577,10,2.8892087532043456,valid,0.40878363912355004,0.46199985435200974,0.41575,100456
RS,0.4241,2,2,random,TINYIMAGENET,13,main_b1000_tinyimagenet_alexnet_RS_kp25_seed456,0.25,0.41025,False,0.25,alexnet,0.25,TINYIMAGENET_alexnet_RS_accuracy_kp2500_seed456,456,20000,13,42,accuracy,100456,0.41025,1,2.9574160303592683,18.224584385752678,10,2.9574160303592683,valid,0.4076602448599842,0.4788363081932971,0.41025000000000006,100456
RS,0.4241,2,2,random,TINYIMAGENET,14,main_b1000_tinyimagenet_alexnet_RS_kp25_seed456,0.25,0.41005,False,0.25,alexnet,0.25,TINYIMAGENET_alexnet_RS_accuracy_kp2500_seed456,456,20000,14,42,accuracy,100456,0.41005,1,2.9501207325458525,18.215928927063942,10,2.9501207325458525,valid,0.4055734607417321,0.47916770812997567,0.41005,100456
RS,0.4241,2,2,random,TINYIMAGENET,15,main_b1000_tinyimagenet_alexnet_RS_kp25_seed456,0.25,0.4147,False,0.25,alexnet,0.25,TINYIMAGENET_alexnet_RS_accuracy_kp2500_seed456,456,20000,15,42,accuracy,100456,0.4147,1,2.926982586812973,18.13440002501011,10,2.926982586812973,valid,0.41228374237361154,0.4764932201993264,0.4147,100456
RS,0.4241,2,2,random,TINYIMAGENET,16,main_b1000_tinyimagenet_alexnet_RS_kp25_seed456,0.25,0.40745,False,0.25,alexnet,0.25,TINYIMAGENET_alexnet_RS_accuracy_kp2500_seed456,456,20000,16,42,accuracy,100456,0.40745,1,2.913144959259033,18.335280887782574,10,2.913144959259033,valid,0.40868395603215535,0.4758006642531546,0.40745,100456
RS,0.4241,2,2,random,TINYIMAGENET,17,main_b1000_tinyimagenet_alexnet_RS_kp25_seed456,0.25,0.4112,False,0.25,alexnet,0.25,TINYIMAGENET_alexnet_RS_accuracy_kp2500_seed456,456,20000,17,42,accuracy,100456,0.4112,1,2.921595870399475,18.347469940781593,10,2.921595870399475,valid,0.4053076842958545,0.4689204074852752,0.41120000000000007,100456
RS,0.42985,18,18,random,TINYIMAGENET,18,main_b1000_tinyimagenet_alexnet_RS_kp25_seed456,0.25,0.42985,True,0.25,alexnet,0.25,TINYIMAGENET_alexnet_RS_accuracy_kp2500_seed456,456,20000,18,42,accuracy,100456,0.42985,2,2.991123235177994,18.19166662544012,10,2.991123235177994,valid,0.4262966335584008,0.47524626281832055,0.42985,100456
RS,0.42985,18,18,random,TINYIMAGENET,19,main_b1000_tinyimagenet_alexnet_RS_kp25_seed456,0.25,0.40065,False,0.25,alexnet,0.25,TINYIMAGENET_alexnet_RS_accuracy_kp2500_seed456,456,20000,19,42,accuracy,100456,0.40065,1,2.995563827753067,18.311957515776157,10,2.995563827753067,valid,0.39774072211261385,0.4743933285754119,0.40064999999999995,100456
RS,0.42985,18,18,random,TINYIMAGENET,20,main_b1000_tinyimagenet_alexnet_RS_kp25_seed456,0.25,0.4118,False,0.25,alexnet,0.25,TINYIMAGENET_alexnet_RS_accuracy_kp2500_seed456,456,20000,20,42,accuracy,100456,0.4118,1,2.945802752637863,18.366554602980614,10,2.945802752637863,valid,0.4071325361326922,0.46994321486228097,0.41180000000000005,100456
RS,0.42985,18,18,random,TINYIMAGENET,21,main_b1000_tinyimagenet_alexnet_RS_kp25_seed456,0.25,0.40675,False,0.25,alexnet,0.25,TINYIMAGENET_alexnet_RS_accuracy_kp2500_seed456,456,20000,21,42,accuracy,100456,0.40675,1,2.987449487352371,18.302512630820274,10,2.987449487352371,valid,0.4018908742155361,0.47707196950211433,0.40674999999999994,100456
RS,0.42985,18,18,random,TINYIMAGENET,22,main_b1000_tinyimagenet_alexnet_RS_kp25_seed456,0.25,0.4095,False,0.25,alexnet,0.25,TINYIMAGENET_alexnet_RS_accuracy_kp2500_seed456,456,20000,22,42,accuracy,100456,0.4095,1,2.932360352182388,18.311844632029533,10,2.932360352182388,valid,0.40441469065946756,0.4725175233615671,0.40950000000000003,100456
RS,0.42985,18,18,random,TINYIMAGENET,23,main_b1000_tinyimagenet_alexnet_RS_kp25_seed456,0.25,0.4141,False,0.25,alexnet,0.25,TINYIMAGENET_alexnet_RS_accuracy_kp2500_seed456,456,20000,23,42,accuracy,100456,0.4141,1,2.902847003698349,18.304511584341526,10,2.902847003698349,valid,0.41015686342842145,0.4721740449664244,0.41409999999999997,100456
RS,0.42985,18,18,random,TINYIMAGENET,24,main_b1000_tinyimagenet_alexnet_RS_kp25_seed456,0.25,0.41365,False,0.25,alexnet,0.25,TINYIMAGENET_alexnet_RS_accuracy_kp2500_seed456,456,20000,24,42,accuracy,100456,0.41365,1,2.9296203089714052,18.37431663274765,10,2.9296203089714052,valid,0.41184053409408206,0.47125965847325063,0.41365,100456
RS,0.42985,18,18,random,TINYIMAGENET,25,main_b1000_tinyimagenet_alexnet_RS_kp25_seed456,0.25,0.4225,False,0.25,alexnet,0.25,TINYIMAGENET_alexnet_RS_accuracy_kp2500_seed456,456,20000,25,42,accuracy,100456,0.4225,2,2.9828307529449463,18.41390372812748,10,2.9828307529449463,valid,0.42405534767211156,0.4738225808779597,0.4225,100456
RS,0.42985,18,18,random,TINYIMAGENET,26,main_b1000_tinyimagenet_alexnet_RS_kp25_seed456,0.25,0.41265,False,0.25,alexnet,0.25,TINYIMAGENET_alexnet_RS_accuracy_kp2500_seed456,456,20000,26,42,accuracy,100456,0.41265,1,2.906831153488159,18.362717024981976,10,2.906831153488159,valid,0.4114547347478318,0.47824160162156387,0.41265,100456
RS,0.42985,18,18,random,TINYIMAGENET,27,main_b1000_tinyimagenet_alexnet_RS_kp25_seed456,0.25,0.40305,False,0.25,alexnet,0.25,TINYIMAGENET_alexnet_RS_accuracy_kp2500_seed456,456,20000,27,42,accuracy,100456,0.40305,1,2.9669909655570983,18.247114568948746,10,2.9669909655570983,valid,0.4037926548306174,0.4860222658764995,0.4030500000000001,100456
RS,0.42985,18,18,random,TINYIMAGENET,28,main_b1000_tinyimagenet_alexnet_RS_kp25_seed456,0.25,0.4061,False,0.25,alexnet,0.25,TINYIMAGENET_alexnet_RS_accuracy_kp2500_seed456,456,20000,28,42,accuracy,100456,0.4061,1,2.964584200668335,18.153771430253983,10,2.964584200668335,valid,0.400931631346194,0.4761115195286416,0.4061,100456
RS,0.42985,18,18,random,TINYIMAGENET,29,main_b1000_tinyimagenet_alexnet_RS_kp25_seed456,0.25,0.4154,False,0.25,alexnet,0.25,TINYIMAGENET_alexnet_RS_accuracy_kp2500_seed456,456,20000,29,42,accuracy,100456,0.4154,1,2.88594502158165,18.2475451156497,10,2.88594502158165,valid,0.4114670155632299,0.4693805337468549,0.4154,100456
RS,0.42985,18,18,random,TINYIMAGENET,30,main_b1000_tinyimagenet_alexnet_RS_kp25_seed456,0.25,0.4162,False,0.25,alexnet,0.25,TINYIMAGENET_alexnet_RS_accuracy_kp2500_seed456,456,20000,30,42,accuracy,100456,0.4162,1,2.901948535823822,19.222120016813278,10,2.901948535823822,valid,0.4103841306042213,0.46513569131503474,0.41619999999999996,100456
RS,0.42985,18,18,random,TINYIMAGENET,31,main_b1000_tinyimagenet_alexnet_RS_kp25_seed456,0.25,0.41465,False,0.25,alexnet,0.25,TINYIMAGENET_alexnet_RS_accuracy_kp2500_seed456,456,20000,31,42,accuracy,100456,0.41465,1,2.896507108449936,22.826360695064068,10,2.896507108449936,valid,0.40871270650409053,0.47761222968039335,0.41465,100456
RS,0.42985,18,18,random,TINYIMAGENET,32,main_b1000_tinyimagenet_alexnet_RS_kp25_seed456,0.25,0.40745,False,0.25,alexnet,0.25,TINYIMAGENET_alexnet_RS_accuracy_kp2500_seed456,456,20000,32,42,accuracy,100456,0.40745,1,2.9155071892738342,23.06853698939085,10,2.9155071892738342,valid,0.40892958962157083,0.4668399948432913,0.40745,100456
RS,0.42985,18,18,random,TINYIMAGENET,33,main_b1000_tinyimagenet_alexnet_RS_kp25_seed456,0.25,0.40775,False,0.25,alexnet,0.25,TINYIMAGENET_alexnet_RS_accuracy_kp2500_seed456,456,20000,33,42,accuracy,100456,0.40775,1,2.975244747495651,18.10569554567337,10,2.975244747495651,valid,0.4066858902696251,0.47809199186065343,0.40775000000000006,100456
RS,0.42985,18,18,random,TINYIMAGENET,34,main_b1000_tinyimagenet_alexnet_RS_kp25_seed456,0.25,0.4116,False,0.25,alexnet,0.25,TINYIMAGENET_alexnet_RS_accuracy_kp2500_seed456,456,20000,34,42,accuracy,100456,0.4116,1,2.9407196647167204,18.21580569446087,10,2.9407196647167204,valid,0.4085661286392695,0.47438841938493254,0.4116,100456
RS,0.42985,18,18,random,TINYIMAGENET,35,main_b1000_tinyimagenet_alexnet_RS_kp25_seed456,0.25,0.41155,False,0.25,alexnet,0.25,TINYIMAGENET_alexnet_RS_accuracy_kp2500_seed456,456,20000,35,42,accuracy,100456,0.41155,1,2.934203052330017,18.28306268900633,10,2.934203052330017,valid,0.4105182718460248,0.479499436002047,0.41155,100456
RS,0.42985,18,18,random,TINYIMAGENET,36,main_b1000_tinyimagenet_alexnet_RS_kp25_seed456,0.25,0.41295,False,0.25,alexnet,0.25,TINYIMAGENET_alexnet_RS_accuracy_kp2500_seed456,456,20000,36,42,accuracy,100456,0.41295,1,2.915150634908676,18.17163225263357,10,2.915150634908676,valid,0.40590799972498354,0.47112357396697857,0.41295000000000004,100456
RS,0.42985,18,18,random,TINYIMAGENET,37,main_b1000_tinyimagenet_alexnet_RS_kp25_seed456,0.25,0.4047,False,0.25,alexnet,0.25,TINYIMAGENET_alexnet_RS_accuracy_kp2500_seed456,456,20000,37,42,accuracy,100456,0.4047,1,3.0239265456199647,18.251571267843246,10,3.0239265456199647,valid,0.40172891079332984,0.4868203554254177,0.4047,100456
RS,0.42985,18,18,random,TINYIMAGENET,38,main_b1000_tinyimagenet_alexnet_RS_kp25_seed456,0.25,0.4088,False,0.25,alexnet,0.25,TINYIMAGENET_alexnet_RS_accuracy_kp2500_seed456,456,20000,38,42,accuracy,100456,0.4088,1,2.98606484003067,22.107875257730484,10,2.98606484003067,valid,0.4094656311618497,0.4856322389283578,0.40880000000000005,100456
RS,0.42985,18,18,random,TINYIMAGENET,39,main_b1000_tinyimagenet_alexnet_RS_kp25_seed456,0.25,0.40275,False,0.25,alexnet,0.25,TINYIMAGENET_alexnet_RS_accuracy_kp2500_seed456,456,20000,39,42,accuracy,100456,0.40275,1,2.973614862537384,24.087305165827274,10,2.973614862537384,valid,0.4008323881596351,0.4778962645411313,0.40275000000000005,100456
RS,0.42985,18,18,random,TINYIMAGENET,40,main_b1000_tinyimagenet_alexnet_RS_kp25_seed456,0.25,0.41285,False,0.25,alexnet,0.25,TINYIMAGENET_alexnet_RS_accuracy_kp2500_seed456,456,20000,40,42,accuracy,100456,0.41285,1,2.9134701598405837,22.89581549167633,10,2.9134701598405837,valid,0.40792417687990207,0.4711614831894551,0.41284999999999994,100456
RS,0.42985,18,18,random,TINYIMAGENET,41,main_b1000_tinyimagenet_alexnet_RS_kp25_seed456,0.25,0.41,False,0.25,alexnet,0.25,TINYIMAGENET_alexnet_RS_accuracy_kp2500_seed456,456,20000,41,42,accuracy,100456,0.41,1,2.950652865457535,22.70941135287285,10,2.950652865457535,valid,0.40798290223323674,0.4758151536303516,0.41,100456
RS,0.42985,18,18,random,TINYIMAGENET,42,main_b1000_tinyimagenet_alexnet_RS_kp25_seed456,0.25,0.4241,False,0.25,alexnet,0.25,TINYIMAGENET_alexnet_RS_accuracy_kp2500_seed456,456,20000,42,42,accuracy,100456,0.4241,2,2.973265632009506,22.93203379958868,10,2.973265632009506,valid,0.4244402880579021,0.47047066561021167,0.4241,100456
RS,0.42985,18,18,random,TINYIMAGENET,43,main_b1000_tinyimagenet_alexnet_RS_kp25_seed456,0.25,0.4146,False,0.25,alexnet,0.25,TINYIMAGENET_alexnet_RS_accuracy_kp2500_seed456,456,20000,43,42,accuracy,100456,0.4146,1,2.8902153881072996,22.887678250670433,10,2.8902153881072996,valid,0.41125501236903544,0.47726866732722806,0.4145999999999999,100456
RS,0.42985,18,18,random,TINYIMAGENET,44,main_b1000_tinyimagenet_alexnet_RS_kp25_seed456,0.25,0.4068,False,0.25,alexnet,0.25,TINYIMAGENET_alexnet_RS_accuracy_kp2500_seed456,456,20000,44,42,accuracy,100456,0.4068,1,2.94679098610878,21.615412339568138,10,2.94679098610878,valid,0.4034508323128362,0.48270386451769726,0.40680000000000005,100456
RS,0.42985,18,18,random,TINYIMAGENET,45,main_b1000_tinyimagenet_alexnet_RS_kp25_seed456,0.25,0.40535,False,0.25,alexnet,0.25,TINYIMAGENET_alexnet_RS_accuracy_kp2500_seed456,456,20000,45,42,accuracy,100456,0.40535,1,3.0164282534122466,21.597550213336945,10,3.0164282534122466,valid,0.4019402585891664,0.48480921180499353,0.40535,100456
RS,0.42985,18,18,random,TINYIMAGENET,46,main_b1000_tinyimagenet_alexnet_RS_kp25_seed456,0.25,0.4169,False,0.25,alexnet,0.25,TINYIMAGENET_alexnet_RS_accuracy_kp2500_seed456,456,20000,46,42,accuracy,100456,0.4169,2,3.0373376115322115,22.888720884919167,10,3.0373376115322115,valid,0.41583453100561846,0.47658131950540894,0.41690000000000005,100456
RS,0.42985,18,18,random,TINYIMAGENET,47,main_b1000_tinyimagenet_alexnet_RS_kp25_seed456,0.25,0.41545,False,0.25,alexnet,0.25,TINYIMAGENET_alexnet_RS_accuracy_kp2500_seed456,456,20000,47,42,accuracy,100456,0.41545,1,2.897441650915146,22.94259486347437,10,2.897441650915146,valid,0.41042902181985386,0.4679942341587363,0.41545000000000004,100456
RS,0.42985,18,18,random,TINYIMAGENET,48,main_b1000_tinyimagenet_alexnet_RS_kp25_seed456,0.25,0.4127,False,0.25,alexnet,0.25,TINYIMAGENET_alexnet_RS_accuracy_kp2500_seed456,456,20000,48,42,accuracy,100456,0.4127,1,2.904766438913345,18.486621782183647,10,2.904766438913345,valid,0.40870554601466325,0.47235592552977496,0.4127,100456
RS,0.42985,18,18,random,TINYIMAGENET,49,main_b1000_tinyimagenet_alexnet_RS_kp25_seed456,0.25,0.42435,False,0.25,alexnet,0.25,TINYIMAGENET_alexnet_RS_accuracy_kp2500_seed456,456,20000,49,42,accuracy,100456,0.42435,2,2.9530214738368987,18.303886622190475,10,2.9530214738368987,valid,0.42076966033491714,0.4601746361394248,0.42435,100456
RS,0.42985,18,18,random,TINYIMAGENET,50,main_b1000_tinyimagenet_alexnet_RS_kp25_seed456,0.25,0.4126,False,0.25,alexnet,0.25,TINYIMAGENET_alexnet_RS_accuracy_kp2500_seed456,456,20000,50,42,accuracy,100456,0.4126,1,2.9509855387926103,18.465974785387516,10,2.9509855387926103,valid,0.4042144300561602,0.47090797153007286,0.4126000000000001,100456
RS,0.42985,18,18,random,TINYIMAGENET,51,main_b1000_tinyimagenet_alexnet_RS_kp25_seed456,0.25,0.4168,False,0.25,alexnet,0.25,TINYIMAGENET_alexnet_RS_accuracy_kp2500_seed456,456,20000,51,42,accuracy,100456,0.4168,1,2.900352263498306,18.36379338055849,10,2.900352263498306,valid,0.41095654296102324,0.4691666450180464,0.41679999999999995,100456
RS,0.42985,18,18,random,TINYIMAGENET,52,main_b1000_tinyimagenet_alexnet_RS_kp25_seed456,0.25,0.4139,False,0.25,alexnet,0.25,TINYIMAGENET_alexnet_RS_accuracy_kp2500_seed456,456,20000,52,42,accuracy,100456,0.4139,1,2.933849632883072,18.167630724608898,10,2.933849632883072,valid,0.4118804184773643,0.4827083176334854,0.4139,100456
RS,0.42985,18,18,random,TINYIMAGENET,53,main_b1000_tinyimagenet_alexnet_RS_kp25_seed456,0.25,0.40325,False,0.25,alexnet,0.25,TINYIMAGENET_alexnet_RS_accuracy_kp2500_seed456,456,20000,53,42,accuracy,100456,0.40325,1,3.001918830537796,18.37288873642683,10,3.001918830537796,valid,0.4036104259096757,0.48719532348153405,0.40325000000000005,100456
RS,0.42985,18,18,random,TINYIMAGENET,54,main_b1000_tinyimagenet_alexnet_RS_kp25_seed456,0.25,0.42085,False,0.25,alexnet,0.25,TINYIMAGENET_alexnet_RS_accuracy_kp2500_seed456,456,20000,54,42,accuracy,100456,0.42085,2,3.0018915797233583,18.291796296834946,10,3.0018915797233583,valid,0.4231410014481181,0.48030550634832747,0.42085,100456
RS,0.42985,18,18,random,TINYIMAGENET,55,main_b1000_tinyimagenet_alexnet_RS_kp25_seed456,0.25,0.40365,False,0.25,alexnet,0.25,TINYIMAGENET_alexnet_RS_accuracy_kp2500_seed456,456,20000,55,42,accuracy,100456,0.40365,1,2.9939115536689758,18.241653129458427,10,2.9939115536689758,valid,0.4009716364702862,0.47638069201037864,0.40364999999999995,100456
RS,0.42985,18,18,random,TINYIMAGENET,56,main_b1000_tinyimagenet_alexnet_RS_kp25_seed456,0.25,0.41265,False,0.25,alexnet,0.25,TINYIMAGENET_alexnet_RS_accuracy_kp2500_seed456,456,20000,56,42,accuracy,100456,0.41265,1,2.879911035346985,18.344105184078217,10,2.879911035346985,valid,0.40620511473805754,0.4644500907313072,0.41265,100456
RS,0.42985,18,18,random,TINYIMAGENET,57,main_b1000_tinyimagenet_alexnet_RS_kp25_seed456,0.25,0.41855,False,0.25,alexnet,0.25,TINYIMAGENET_alexnet_RS_accuracy_kp2500_seed456,456,20000,57,42,accuracy,100456,0.41855,2,2.9963702231407168,18.278033398091793,10,2.9963702231407168,valid,0.41527188008368926,0.46497642588680654,0.41855,100456
RS,0.42985,18,18,random,TINYIMAGENET,58,main_b1000_tinyimagenet_alexnet_RS_kp25_seed456,0.25,0.4255,False,0.25,alexnet,0.25,TINYIMAGENET_alexnet_RS_accuracy_kp2500_seed456,456,20000,58,42,accuracy,100456,0.4255,2,2.9254516272068023,18.283072538673878,10,2.9254516272068023,valid,0.42752041022162873,0.4778185511804244,0.4255,100456
RS,0.42985,18,18,random,TINYIMAGENET,59,main_b1000_tinyimagenet_alexnet_RS_kp25_seed456,0.25,0.413,False,0.25,alexnet,0.25,TINYIMAGENET_alexnet_RS_accuracy_kp2500_seed456,456,20000,59,42,accuracy,100456,0.413,1,2.9654474036216736,18.286047607660294,10,2.9654474036216736,valid,0.4110704897417567,0.48251280808677166,0.413,100456
RS,0.42985,18,18,random,TINYIMAGENET,60,main_b1000_tinyimagenet_alexnet_RS_kp25_seed456,0.25,0.40765,False,0.25,alexnet,0.25,TINYIMAGENET_alexnet_RS_accuracy_kp2500_seed456,456,20000,60,42,accuracy,100456,0.40765,1,2.955519709920883,18.328470312058926,10,2.955519709920883,valid,0.4073907838739215,0.4869594072587908,0.40765,100456
RS,0.42985,18,18,random,TINYIMAGENET,61,main_b1000_tinyimagenet_alexnet_RS_kp25_seed456,0.25,0.4109,False,0.25,alexnet,0.25,TINYIMAGENET_alexnet_RS_accuracy_kp2500_seed456,456,20000,61,42,accuracy,100456,0.4109,1,2.9684441829681396,18.36939473450184,10,2.9684441829681396,valid,0.40463079372272126,0.4731231608981663,0.41090000000000004,100456
RS,0.42985,18,18,random,TINYIMAGENET,62,main_b1000_tinyimagenet_alexnet_RS_kp25_seed456,0.25,0.42155,False,0.25,alexnet,0.25,TINYIMAGENET_alexnet_RS_accuracy_kp2500_seed456,456,20000,62,42,accuracy,100456,0.42155,1,2.873316641664505,18.45793789625168,10,2.873316641664505,valid,0.412927963018235,0.4640150016437572,0.42155000000000004,100456
RS,0.42985,18,18,random,TINYIMAGENET,63,main_b1000_tinyimagenet_alexnet_RS_kp25_seed456,0.25,0.40885,False,0.25,alexnet,0.25,TINYIMAGENET_alexnet_RS_accuracy_kp2500_seed456,456,20000,63,42,accuracy,100456,0.40885,1,2.9126836585998537,18.31009193509817,10,2.9126836585998537,valid,0.4084722407067627,0.4718648671220859,0.40885000000000005,100456
RS,0.42985,18,18,random,TINYIMAGENET,64,main_b1000_tinyimagenet_alexnet_RS_kp25_seed456,0.25,0.40505,False,0.25,alexnet,0.25,TINYIMAGENET_alexnet_RS_accuracy_kp2500_seed456,456,20000,64,42,accuracy,100456,0.40505,1,2.9555066348075867,18.35645718872547,10,2.9555066348075867,valid,0.4055667939873168,0.4784416533411499,0.40504999999999997,100456
RS,0.42985,18,18,random,TINYIMAGENET,65,main_b1000_tinyimagenet_alexnet_RS_kp25_seed456,0.25,0.4251,False,0.25,alexnet,0.25,TINYIMAGENET_alexnet_RS_accuracy_kp2500_seed456,456,20000,65,42,accuracy,100456,0.4251,2,2.9796346307754518,18.4779020100832,10,2.9796346307754518,valid,0.4203394972288998,0.4638227839103394,0.42510000000000003,100456
RS,0.42985,18,18,random,TINYIMAGENET,66,main_b1000_tinyimagenet_alexnet_RS_kp25_seed456,0.25,0.4116,False,0.25,alexnet,0.25,TINYIMAGENET_alexnet_RS_accuracy_kp2500_seed456,456,20000,66,42,accuracy,100456,0.4116,1,2.947217705154419,18.436849184334278,10,2.947217705154419,valid,0.40933002460092965,0.4820798840502236,0.41159999999999997,100456
RS,0.42985,18,18,random,TINYIMAGENET,67,main_b1000_tinyimagenet_alexnet_RS_kp25_seed456,0.25,0.4116,False,0.25,alexnet,0.25,TINYIMAGENET_alexnet_RS_accuracy_kp2500_seed456,456,20000,67,42,accuracy,100456,0.4116,1,2.934104250049591,18.299625612795353,10,2.934104250049591,valid,0.4111769135019673,0.48844696401491305,0.41159999999999997,100456
RS,0.42985,18,18,random,TINYIMAGENET,68,main_b1000_tinyimagenet_alexnet_RS_kp25_seed456,0.25,0.4128,False,0.25,alexnet,0.25,TINYIMAGENET_alexnet_RS_accuracy_kp2500_seed456,456,20000,68,42,accuracy,100456,0.4128,1,2.9254101440906526,18.51109977066517,10,2.9254101440906526,valid,0.4141941932584939,0.47515655858780376,0.4128,100456
RS,0.42985,18,18,random,TINYIMAGENET,69,main_b1000_tinyimagenet_alexnet_RS_kp25_seed456,0.25,0.40655,False,0.25,alexnet,0.25,TINYIMAGENET_alexnet_RS_accuracy_kp2500_seed456,456,20000,69,42,accuracy,100456,0.40655,1,2.9494125002384184,18.38252953439951,10,2.9494125002384184,valid,0.4041521650740119,0.47610524381918695,0.40655,100456
RS,0.42985,18,18,random,TINYIMAGENET,70,main_b1000_tinyimagenet_alexnet_RS_kp25_seed456,0.25,0.4058,False,0.25,alexnet,0.25,TINYIMAGENET_alexnet_RS_accuracy_kp2500_seed456,456,20000,70,42,accuracy,100456,0.4058,1,2.956523539352417,18.275718942284584,10,2.956523539352417,valid,0.40571919992097805,0.47751908801643994,0.4058,100456
RS,0.42985,18,18,random,TINYIMAGENET,71,main_b1000_tinyimagenet_alexnet_RS_kp25_seed456,0.25,0.40925,False,0.25,alexnet,0.25,TINYIMAGENET_alexnet_RS_accuracy_kp2500_seed456,456,20000,71,42,accuracy,100456,0.40925,1,2.959383153295517,18.376208417117596,10,2.959383153295517,valid,0.40458188976838316,0.48368822365217923,0.40924999999999995,100456
RS,0.42985,18,18,random,TINYIMAGENET,72,main_b1000_tinyimagenet_alexnet_RS_kp25_seed456,0.25,0.40975,False,0.25,alexnet,0.25,TINYIMAGENET_alexnet_RS_accuracy_kp2500_seed456,456,20000,72,42,accuracy,100456,0.40975,1,2.952987270259857,17.519861452281475,10,2.952987270259857,valid,0.40558929950647565,0.47717708800006364,0.40974999999999995,100456
RS,0.42985,18,18,random,TINYIMAGENET,73,main_b1000_tinyimagenet_alexnet_RS_kp25_seed456,0.25,0.4063,False,0.25,alexnet,0.25,TINYIMAGENET_alexnet_RS_accuracy_kp2500_seed456,456,20000,73,42,accuracy,100456,0.4063,1,2.9823645657539366,18.270747520029545,10,2.9823645657539366,valid,0.4036568274661916,0.4774491072777701,0.40629999999999994,100456
RS,0.42985,18,18,random,TINYIMAGENET,74,main_b1000_tinyimagenet_alexnet_RS_kp25_seed456,0.25,0.41285,False,0.25,alexnet,0.25,TINYIMAGENET_alexnet_RS_accuracy_kp2500_seed456,456,20000,74,42,accuracy,100456,0.41285,1,2.937622149682045,18.322825081646442,10,2.937622149682045,valid,0.4089557922542452,0.47150594139127305,0.41284999999999994,100456
RS,0.42985,18,18,random,TINYIMAGENET,75,main_b1000_tinyimagenet_alexnet_RS_kp25_seed456,0.25,0.4118,False,0.25,alexnet,0.25,TINYIMAGENET_alexnet_RS_accuracy_kp2500_seed456,456,20000,75,42,accuracy,100456,0.4118,1,2.9275715690135957,18.303330413997173,10,2.9275715690135957,valid,0.4040140627176791,0.4764530202928572,0.4118,100456
RS,0.42985,18,18,random,TINYIMAGENET,76,main_b1000_tinyimagenet_alexnet_RS_kp25_seed456,0.25,0.41035,False,0.25,alexnet,0.25,TINYIMAGENET_alexnet_RS_accuracy_kp2500_seed456,456,20000,76,42,accuracy,100456,0.41035,1,2.940975076198578,18.273296520113945,10,2.940975076198578,valid,0.408060357803776,0.47904110137122785,0.41035000000000005,100456
RS,0.42985,18,18,random,TINYIMAGENET,77,main_b1000_tinyimagenet_alexnet_RS_kp25_seed456,0.25,0.4156,False,0.25,alexnet,0.25,TINYIMAGENET_alexnet_RS_accuracy_kp2500_seed456,456,20000,77,42,accuracy,100456,0.4156,1,2.8848341547489165,18.32653049379587,10,2.8848341547489165,valid,0.41399786903002633,0.47284896907670754,0.4156,100456
RS,0.42985,18,18,random,TINYIMAGENET,78,main_b1000_tinyimagenet_alexnet_RS_kp25_seed456,0.25,0.4187,False,0.25,alexnet,0.25,TINYIMAGENET_alexnet_RS_accuracy_kp2500_seed456,456,20000,78,42,accuracy,100456,0.4187,2,2.9672997110843657,18.385320253670216,10,2.9672997110843657,valid,0.41771911633901726,0.4604631259252864,0.41870000000000007,100456
RS,0.42985,18,18,random,TINYIMAGENET,79,main_b1000_tinyimagenet_alexnet_RS_kp25_seed456,0.25,0.40985,False,0.25,alexnet,0.25,TINYIMAGENET_alexnet_RS_accuracy_kp2500_seed456,456,20000,79,42,accuracy,100456,0.40985,1,2.922413592338562,18.33865797519684,10,2.922413592338562,valid,0.4073132520867121,0.47743464176552036,0.40985,100456
RS,0.42985,18,18,random,TINYIMAGENET,80,main_b1000_tinyimagenet_alexnet_RS_kp25_seed456,0.25,0.4225,False,0.25,alexnet,0.25,TINYIMAGENET_alexnet_RS_accuracy_kp2500_seed456,456,20000,80,42,accuracy,100456,0.4225,2,2.9902544717788695,18.435507461428642,10,2.9902544717788695,valid,0.4214185887450006,0.4743649312762546,0.4225,100456
RS,0.42985,18,18,random,TINYIMAGENET,81,main_b1000_tinyimagenet_alexnet_RS_kp25_seed456,0.25,0.4171,False,0.25,alexnet,0.25,TINYIMAGENET_alexnet_RS_accuracy_kp2500_seed456,456,20000,81,42,accuracy,100456,0.4171,1,2.893663920164108,23.020143128931522,10,2.893663920164108,valid,0.41090209461412947,0.4766613042158667,0.4171,100456
RS,0.42985,18,18,random,TINYIMAGENET,82,main_b1000_tinyimagenet_alexnet_RS_kp25_seed456,0.25,0.41005,False,0.25,alexnet,0.25,TINYIMAGENET_alexnet_RS_accuracy_kp2500_seed456,456,20000,82,42,accuracy,100456,0.41005,1,2.9291375153541566,22.854320257902145,10,2.9291375153541566,valid,0.4066725746544179,0.4744319556875821,0.41004999999999997,100456
RS,0.42985,18,18,random,TINYIMAGENET,83,main_b1000_tinyimagenet_alexnet_RS_kp25_seed456,0.25,0.41285,False,0.25,alexnet,0.25,TINYIMAGENET_alexnet_RS_accuracy_kp2500_seed456,456,20000,83,42,accuracy,100456,0.41285,1,2.935413412332535,22.93731751292944,10,2.935413412332535,valid,0.40498172043845715,0.47385744521603934,0.41284999999999994,100456
RS,0.42985,18,18,random,TINYIMAGENET,84,main_b1000_tinyimagenet_alexnet_RS_kp25_seed456,0.25,0.4114,False,0.25,alexnet,0.25,TINYIMAGENET_alexnet_RS_accuracy_kp2500_seed456,456,20000,84,42,accuracy,100456,0.4114,1,2.944001908445358,22.884550131857395,10,2.944001908445358,valid,0.409018960192508,0.47150917797695485,0.4114,100456
RS,0.42985,18,18,random,TINYIMAGENET,85,main_b1000_tinyimagenet_alexnet_RS_kp25_seed456,0.25,0.40905,False,0.25,alexnet,0.25,TINYIMAGENET_alexnet_RS_accuracy_kp2500_seed456,456,20000,85,42,accuracy,100456,0.40905,1,2.913859877681732,22.984176225960255,10,2.913859877681732,valid,0.4034823418820719,0.4711828019736488,0.40905,100456
RS,0.42985,18,18,random,TINYIMAGENET,86,main_b1000_tinyimagenet_alexnet_RS_kp25_seed456,0.25,0.4085,False,0.25,alexnet,0.25,TINYIMAGENET_alexnet_RS_accuracy_kp2500_seed456,456,20000,86,42,accuracy,100456,0.4085,1,2.9716199080467223,23.01470857858658,10,2.9716199080467223,valid,0.406563387745938,0.48283704684406087,0.40850000000000003,100456
RS,0.42985,18,18,random,TINYIMAGENET,87,main_b1000_tinyimagenet_alexnet_RS_kp25_seed456,0.25,0.40505,False,0.25,alexnet,0.25,TINYIMAGENET_alexnet_RS_accuracy_kp2500_seed456,456,20000,87,42,accuracy,100456,0.40505,1,2.9653192121982572,22.95768452435732,10,2.9653192121982572,valid,0.40185309822692417,0.48249583765731996,0.40504999999999997,100456
RS,0.42985,18,18,random,TINYIMAGENET,88,main_b1000_tinyimagenet_alexnet_RS_kp25_seed456,0.25,0.4072,False,0.25,alexnet,0.25,TINYIMAGENET_alexnet_RS_accuracy_kp2500_seed456,456,20000,88,42,accuracy,100456,0.4072,1,2.954302585506439,23.0614110827446,10,2.954302585506439,valid,0.40230766380710775,0.47280922724262664,0.40720000000000006,100456
RS,0.42985,18,18,random,TINYIMAGENET,89,main_b1000_tinyimagenet_alexnet_RS_kp25_seed456,0.25,0.40175,False,0.25,alexnet,0.25,TINYIMAGENET_alexnet_RS_accuracy_kp2500_seed456,456,20000,89,42,accuracy,100456,0.40175,1,3.0143330943584443,22.994771219789982,10,3.0143330943584443,valid,0.39382845982199444,0.4711287364029221,0.40175,100456
RS,0.42985,18,18,random,TINYIMAGENET,90,main_b1000_tinyimagenet_alexnet_RS_kp25_seed456,0.25,0.4134,False,0.25,alexnet,0.25,TINYIMAGENET_alexnet_RS_accuracy_kp2500_seed456,456,20000,90,42,accuracy,100456,0.4134,1,2.948366252422333,18.235147044062614,10,2.948366252422333,valid,0.41157211608933614,0.47978214446066403,0.4134,100456
RS,0.42985,18,18,random,TINYIMAGENET,91,main_b1000_tinyimagenet_alexnet_RS_kp25_seed456,0.25,0.4111,False,0.25,alexnet,0.25,TINYIMAGENET_alexnet_RS_accuracy_kp2500_seed456,456,20000,91,42,accuracy,100456,0.4111,1,2.948774256324768,18.407766334712505,10,2.948774256324768,valid,0.41002080268669827,0.47836999499763444,0.4111,100456
RS,0.42985,18,18,random,TINYIMAGENET,92,main_b1000_tinyimagenet_alexnet_RS_kp25_seed456,0.25,0.41195,False,0.25,alexnet,0.25,TINYIMAGENET_alexnet_RS_accuracy_kp2500_seed456,456,20000,92,42,accuracy,100456,0.41195,1,2.9563305228948593,18.253847062587738,10,2.9563305228948593,valid,0.4025363588366313,0.45792064504224866,0.41195,100456
RS,0.42985,18,18,random,TINYIMAGENET,93,main_b1000_tinyimagenet_alexnet_RS_kp25_seed456,0.25,0.41045,False,0.25,alexnet,0.25,TINYIMAGENET_alexnet_RS_accuracy_kp2500_seed456,456,20000,93,42,accuracy,100456,0.41045,1,2.9368663034677507,18.314105860888958,10,2.9368663034677507,valid,0.40676012334126765,0.4699874595502797,0.41045000000000004,100456
RS,0.42985,18,18,random,TINYIMAGENET,94,main_b1000_tinyimagenet_alexnet_RS_kp25_seed456,0.25,0.4112,False,0.25,alexnet,0.25,TINYIMAGENET_alexnet_RS_accuracy_kp2500_seed456,456,20000,94,42,accuracy,100456,0.4112,1,2.939689058637619,18.389400117099285,10,2.939689058637619,valid,0.41151180909360346,0.4744814270914704,0.41120000000000007,100456
RS,0.42985,18,18,random,TINYIMAGENET,95,main_b1000_tinyimagenet_alexnet_RS_kp25_seed456,0.25,0.418,False,0.25,alexnet,0.25,TINYIMAGENET_alexnet_RS_accuracy_kp2500_seed456,456,20000,95,42,accuracy,100456,0.418,1,2.9185469441890715,18.25084760785103,10,2.9185469441890715,valid,0.41361851867114596,0.4788466988917206,0.418,100456
RS,0.42985,18,18,random,TINYIMAGENET,96,main_b1000_tinyimagenet_alexnet_RS_kp25_seed456,0.25,0.407,False,0.25,alexnet,0.25,TINYIMAGENET_alexnet_RS_accuracy_kp2500_seed456,456,20000,96,42,accuracy,100456,0.407,1,2.955455786895752,18.261051170527935,10,2.955455786895752,valid,0.403272516179753,0.47346403302756085,0.40700000000000003,100456
RS,0.42985,18,18,random,TINYIMAGENET,97,main_b1000_tinyimagenet_alexnet_RS_kp25_seed456,0.25,0.42325,False,0.25,alexnet,0.25,TINYIMAGENET_alexnet_RS_accuracy_kp2500_seed456,456,20000,97,42,accuracy,100456,0.42325,2,2.9295551389694214,18.23314619064331,10,2.9295551389694214,valid,0.426569222887104,0.4793892225728865,0.42325,100456
RS,0.42985,18,18,random,TINYIMAGENET,98,main_b1000_tinyimagenet_alexnet_RS_kp25_seed456,0.25,0.40985,False,0.25,alexnet,0.25,TINYIMAGENET_alexnet_RS_accuracy_kp2500_seed456,456,20000,98,42,accuracy,100456,0.40985,1,2.9559731628894808,18.200575284659863,10,2.9559731628894808,valid,0.40331225314334895,0.477587252211484,0.40985,100456
RS,0.42985,18,18,random,TINYIMAGENET,99,main_b1000_tinyimagenet_alexnet_RS_kp25_seed456,0.25,0.4198,False,0.25,alexnet,0.25,TINYIMAGENET_alexnet_RS_accuracy_kp2500_seed456,456,20000,99,42,accuracy,100456,0.4198,2,3.0203859732151033,18.44159046560526,10,3.0203859732151033,valid,0.4181188911569227,0.4747572546942148,0.41980000000000006,100456
RS,0.42985,18,18,random,TINYIMAGENET,100,main_b1000_tinyimagenet_alexnet_RS_kp25_seed456,0.25,0.41165,False,0.25,alexnet,0.25,TINYIMAGENET_alexnet_RS_accuracy_kp2500_seed456,456,20000,100,42,accuracy,100456,0.41165,1,2.959182293701172,18.399804696440697,10,2.959182293701172,valid,0.40851199890374557,0.4808702156087442,0.41165,100456
RS,0.42985,18,18,random,TINYIMAGENET,101,main_b1000_tinyimagenet_alexnet_RS_kp25_seed456,0.25,0.4177,False,0.25,alexnet,0.25,TINYIMAGENET_alexnet_RS_accuracy_kp2500_seed456,456,20000,101,42,accuracy,100456,0.4177,2,3.0166103224754335,18.188310742378235,10,3.0166103224754335,valid,0.4154637656624196,0.47053093895252573,0.41769999999999996,100456
RS,0.42985,18,18,random,TINYIMAGENET,102,main_b1000_tinyimagenet_alexnet_RS_kp25_seed456,0.25,0.40885,False,0.25,alexnet,0.25,TINYIMAGENET_alexnet_RS_accuracy_kp2500_seed456,456,20000,102,42,accuracy,100456,0.40885,1,2.9387476842880247,23.03108089417219,10,2.9387476842880247,valid,0.4041699093886244,0.4764219018884296,0.40885000000000005,100456
RS,0.43225,103,103,random,TINYIMAGENET,103,main_b1000_tinyimagenet_alexnet_RS_kp25_seed456,0.25,0.43225,True,0.25,alexnet,0.25,TINYIMAGENET_alexnet_RS_accuracy_kp2500_seed456,456,20000,103,42,accuracy,100456,0.43225,3,3.0390044124126434,22.884812898933887,10,3.0390044124126434,valid,0.43319937934067015,0.4744398206591745,0.43224999999999997,100456
RS,0.43225,103,103,random,TINYIMAGENET,104,main_b1000_tinyimagenet_alexnet_RS_kp25_seed456,0.25,0.42035,False,0.25,alexnet,0.25,TINYIMAGENET_alexnet_RS_accuracy_kp2500_seed456,456,20000,104,42,accuracy,100456,0.42035,2,2.984608155107498,22.849572755396366,10,2.984608155107498,valid,0.4212107499395073,0.47235588275948487,0.42034999999999995,100456
RS,0.43225,103,103,random,TINYIMAGENET,105,main_b1000_tinyimagenet_alexnet_RS_kp25_seed456,0.25,0.40815,False,0.25,alexnet,0.25,TINYIMAGENET_alexnet_RS_accuracy_kp2500_seed456,456,20000,105,42,accuracy,100456,0.40815,1,2.9650917556762697,22.879720360040665,10,2.9650917556762697,valid,0.40977529831172615,0.48733319784796436,0.40815000000000007,100456
RS,0.43225,103,103,random,TINYIMAGENET,106,main_b1000_tinyimagenet_alexnet_RS_kp25_seed456,0.25,0.4108,False,0.25,alexnet,0.25,TINYIMAGENET_alexnet_RS_accuracy_kp2500_seed456,456,20000,106,42,accuracy,100456,0.4108,1,2.9540606432914736,22.594714909791946,10,2.9540606432914736,valid,0.40933112186155346,0.4807160058004969,0.4108,100456
RS,0.43225,103,103,random,TINYIMAGENET,107,main_b1000_tinyimagenet_alexnet_RS_kp25_seed456,0.25,0.41105,False,0.25,alexnet,0.25,TINYIMAGENET_alexnet_RS_accuracy_kp2500_seed456,456,20000,107,42,accuracy,100456,0.41105,1,2.938466210079193,22.31896524131298,10,2.938466210079193,valid,0.4104306957363502,0.4827375520665318,0.41105,100456
RS,0.43225,103,103,random,TINYIMAGENET,108,main_b1000_tinyimagenet_alexnet_RS_kp25_seed456,0.25,0.4071,False,0.25,alexnet,0.25,TINYIMAGENET_alexnet_RS_accuracy_kp2500_seed456,456,20000,108,42,accuracy,100456,0.4071,1,2.962467542910576,22.9831802546978,10,2.962467542910576,valid,0.406159105779671,0.4854534590408286,0.4071000000000001,100456
RS,0.43225,103,103,random,TINYIMAGENET,109,main_b1000_tinyimagenet_alexnet_RS_kp25_seed456,0.25,0.411,False,0.25,alexnet,0.25,TINYIMAGENET_alexnet_RS_accuracy_kp2500_seed456,456,20000,109,42,accuracy,100456,0.411,1,2.963571913528442,23.120270162820816,10,2.963571913528442,valid,0.4083436560001097,0.4749327946528004,0.4109999999999999,100456
RS,0.43225,103,103,random,TINYIMAGENET,110,main_b1000_tinyimagenet_alexnet_RS_kp25_seed456,0.25,0.41165,False,0.25,alexnet,0.25,TINYIMAGENET_alexnet_RS_accuracy_kp2500_seed456,456,20000,110,42,accuracy,100456,0.41165,1,2.928535374498367,23.076200433075428,10,2.928535374498367,valid,0.40832165611702154,0.48073964294522187,0.41165,100456
RS,0.43225,103,103,random,TINYIMAGENET,111,main_b1000_tinyimagenet_alexnet_RS_kp25_seed456,0.25,0.41295,False,0.25,alexnet,0.25,TINYIMAGENET_alexnet_RS_accuracy_kp2500_seed456,456,20000,111,42,accuracy,100456,0.41295,1,2.8881238886356355,23.036678105592728,10,2.8881238886356355,valid,0.4103006717501273,0.47178600964494394,0.41295000000000004,100456
RS,0.43225,103,103,random,TINYIMAGENET,112,main_b1000_tinyimagenet_alexnet_RS_kp25_seed456,0.25,0.40795,False,0.25,alexnet,0.25,TINYIMAGENET_alexnet_RS_accuracy_kp2500_seed456,456,20000,112,42,accuracy,100456,0.40795,1,2.928317685508728,23.167670980095863,10,2.928317685508728,valid,0.406830461173943,0.47436149317491005,0.40795000000000003,100456
RS,0.43225,103,103,random,TINYIMAGENET,113,main_b1000_tinyimagenet_alexnet_RS_kp25_seed456,0.25,0.408,False,0.25,alexnet,0.25,TINYIMAGENET_alexnet_RS_accuracy_kp2500_seed456,456,20000,113,42,accuracy,100456,0.408,1,2.9756856996536256,23.023318514227867,10,2.9756856996536256,valid,0.40349574560981893,0.480978674621407,0.408,100456
RS,0.43225,103,103,random,TINYIMAGENET,114,main_b1000_tinyimagenet_alexnet_RS_kp25_seed456,0.25,0.4076,False,0.25,alexnet,0.25,TINYIMAGENET_alexnet_RS_accuracy_kp2500_seed456,456,20000,114,42,accuracy,100456,0.4076,1,2.98718866109848,23.126267433166504,10,2.98718866109848,valid,0.406419948328692,0.4814582815863012,0.40759999999999996,100456
RS,0.43225,103,103,random,TINYIMAGENET,115,main_b1000_tinyimagenet_alexnet_RS_kp25_seed456,0.25,0.4125,False,0.25,alexnet,0.25,TINYIMAGENET_alexnet_RS_accuracy_kp2500_seed456,456,20000,115,42,accuracy,100456,0.4125,1,2.9213534118652342,23.019957594573498,10,2.9213534118652342,valid,0.4082299811285099,0.47343510779154413,0.4125,100456
RS,0.43225,103,103,random,TINYIMAGENET,116,main_b1000_tinyimagenet_alexnet_RS_kp25_seed456,0.25,0.40585,False,0.25,alexnet,0.25,TINYIMAGENET_alexnet_RS_accuracy_kp2500_seed456,456,20000,116,42,accuracy,100456,0.40585,1,2.9955656824588774,23.080147087574005,10,2.9955656824588774,valid,0.4016298099614981,0.4742012459386528,0.4058500000000001,100456
RS,0.43225,103,103,random,TINYIMAGENET,117,main_b1000_tinyimagenet_alexnet_RS_kp25_seed456,0.25,0.41,False,0.25,alexnet,0.25,TINYIMAGENET_alexnet_RS_accuracy_kp2500_seed456,456,20000,117,42,accuracy,100456,0.41,1,2.9172192356586457,23.084462016820908,10,2.9172192356586457,valid,0.4070851051610933,0.471168839930322,0.41,100456
RS,0.43225,103,103,random,TINYIMAGENET,118,main_b1000_tinyimagenet_alexnet_RS_kp25_seed456,0.25,0.4195,False,0.25,alexnet,0.25,TINYIMAGENET_alexnet_RS_accuracy_kp2500_seed456,456,20000,118,42,accuracy,100456,0.4195,1,2.8879625638008117,22.92858050018549,10,2.8879625638008117,valid,0.4143661029452902,0.47652133089066323,0.41950000000000004,100456
RS,0.43225,103,103,random,TINYIMAGENET,119,main_b1000_tinyimagenet_alexnet_RS_kp25_seed456,0.25,0.4099,False,0.25,alexnet,0.25,TINYIMAGENET_alexnet_RS_accuracy_kp2500_seed456,456,20000,119,42,accuracy,100456,0.4099,1,2.9412198081970216,23.068696461617947,10,2.9412198081970216,valid,0.4065791179248196,0.47207078433662375,0.40990000000000004,100456
RS,0.43225,103,103,random,TINYIMAGENET,120,main_b1000_tinyimagenet_alexnet_RS_kp25_seed456,0.25,0.4129,False,0.25,alexnet,0.25,TINYIMAGENET_alexnet_RS_accuracy_kp2500_seed456,456,20000,120,42,accuracy,100456,0.4129,1,2.9279330867290496,18.417435772717,10,2.9279330867290496,valid,0.4128104001217827,0.4775989581594612,0.41289999999999993,100456
RS,0.43225,103,103,random,TINYIMAGENET,121,main_b1000_tinyimagenet_alexnet_RS_kp25_seed456,0.25,0.4106,False,0.25,alexnet,0.25,TINYIMAGENET_alexnet_RS_accuracy_kp2500_seed456,456,20000,121,42,accuracy,100456,0.4106,1,2.9709330734729766,22.274260990321636,10,2.9709330734729766,valid,0.408236817675223,0.48635151390665227,0.4106,100456
RS,0.43225,103,103,random,TINYIMAGENET,122,main_b1000_tinyimagenet_alexnet_RS_kp25_seed456,0.25,0.41655,False,0.25,alexnet,0.25,TINYIMAGENET_alexnet_RS_accuracy_kp2500_seed456,456,20000,122,42,accuracy,100456,0.41655,1,2.9255815616607665,21.46720676869154,10,2.9255815616607665,valid,0.4145728766277808,0.48240894256463823,0.41655000000000003,100456
RS,0.43225,103,103,random,TINYIMAGENET,123,main_b1000_tinyimagenet_alexnet_RS_kp25_seed456,0.25,0.415,False,0.25,alexnet,0.25,TINYIMAGENET_alexnet_RS_accuracy_kp2500_seed456,456,20000,123,42,accuracy,100456,0.415,1,2.8949092241287233,21.232776276767254,10,2.8949092241287233,valid,0.41009295516229144,0.4740125946597514,0.415,100456
RS,0.43225,103,103,random,TINYIMAGENET,124,main_b1000_tinyimagenet_alexnet_RS_kp25_seed456,0.25,0.4125,False,0.25,alexnet,0.25,TINYIMAGENET_alexnet_RS_accuracy_kp2500_seed456,456,20000,124,42,accuracy,100456,0.4125,1,2.942476554965973,21.45732595026493,10,2.942476554965973,valid,0.4128108751746838,0.4830353871275197,0.4125,100456
RS,0.43225,103,103,random,TINYIMAGENET,125,main_b1000_tinyimagenet_alexnet_RS_kp25_seed456,0.25,0.41545,False,0.25,alexnet,0.25,TINYIMAGENET_alexnet_RS_accuracy_kp2500_seed456,456,20000,125,42,accuracy,100456,0.41545,1,2.920926657772064,21.366161286830902,10,2.920926657772064,valid,0.4122235664233829,0.4770451189362079,0.41545000000000004,100456
RS,0.43225,103,103,random,TINYIMAGENET,126,main_b1000_tinyimagenet_alexnet_RS_kp25_seed456,0.25,0.421,False,0.25,alexnet,0.25,TINYIMAGENET_alexnet_RS_accuracy_kp2500_seed456,456,20000,126,42,accuracy,100456,0.421,2,2.999988845252991,21.262633003294468,10,2.999988845252991,valid,0.41672478728365947,0.46964529669565036,0.4210000000000001,100456
RS,0.43225,103,103,random,TINYIMAGENET,127,main_b1000_tinyimagenet_alexnet_RS_kp25_seed456,0.25,0.4076,False,0.25,alexnet,0.25,TINYIMAGENET_alexnet_RS_accuracy_kp2500_seed456,456,20000,127,42,accuracy,100456,0.4076,1,2.9742508053064345,21.372588098049164,10,2.9742508053064345,valid,0.4059120071429804,0.4794165586842324,0.4076000000000001,100456
RS,0.43225,103,103,random,TINYIMAGENET,128,main_b1000_tinyimagenet_alexnet_RS_kp25_seed456,0.25,0.39975,False,0.25,alexnet,0.25,TINYIMAGENET_alexnet_RS_accuracy_kp2500_seed456,456,20000,128,42,accuracy,100456,0.39975,1,3.0008974856853485,21.314600192010403,10,3.0008974856853485,valid,0.39882716804820745,0.48062407965897963,0.39975,100456
RS,0.43225,103,103,random,TINYIMAGENET,129,main_b1000_tinyimagenet_alexnet_RS_kp25_seed456,0.25,0.403,False,0.25,alexnet,0.25,TINYIMAGENET_alexnet_RS_accuracy_kp2500_seed456,456,20000,129,42,accuracy,100456,0.403,1,2.9631240074157716,21.307022869586945,10,2.9631240074157716,valid,0.40383463471230835,0.47879037644560446,0.40299999999999997,100456
RS,0.43225,103,103,random,TINYIMAGENET,130,main_b1000_tinyimagenet_alexnet_RS_kp25_seed456,0.25,0.4087,False,0.25,alexnet,0.25,TINYIMAGENET_alexnet_RS_accuracy_kp2500_seed456,456,20000,130,42,accuracy,100456,0.4087,1,2.9342671731472016,21.428026735782623,10,2.9342671731472016,valid,0.40516579754277104,0.4686024937795438,0.40870000000000006,100456
RS,0.43225,103,103,random,TINYIMAGENET,131,main_b1000_tinyimagenet_alexnet_RS_kp25_seed456,0.25,0.4112,False,0.25,alexnet,0.25,TINYIMAGENET_alexnet_RS_accuracy_kp2500_seed456,456,20000,131,42,accuracy,100456,0.4112,1,2.9276935403347015,21.25348985940218,10,2.9276935403347015,valid,0.41147752134097587,0.47729014236541917,0.41119999999999995,100456
RS,0.43225,103,103,random,TINYIMAGENET,132,main_b1000_tinyimagenet_alexnet_RS_kp25_seed456,0.25,0.402,False,0.25,alexnet,0.25,TINYIMAGENET_alexnet_RS_accuracy_kp2500_seed456,456,20000,132,42,accuracy,100456,0.402,1,2.983929699230194,21.341355331242085,10,2.983929699230194,valid,0.3996055887158866,0.4771682010839268,0.402,100456
RS,0.43225,103,103,random,TINYIMAGENET,133,main_b1000_tinyimagenet_alexnet_RS_kp25_seed456,0.25,0.40405,False,0.25,alexnet,0.25,TINYIMAGENET_alexnet_RS_accuracy_kp2500_seed456,456,20000,133,42,accuracy,100456,0.40405,1,2.9643411291122437,21.29230811446905,10,2.9643411291122437,valid,0.3987155384503736,0.473230872347938,0.40405,100456
RS,0.43225,103,103,random,TINYIMAGENET,134,main_b1000_tinyimagenet_alexnet_RS_kp25_seed456,0.25,0.4073,False,0.25,alexnet,0.25,TINYIMAGENET_alexnet_RS_accuracy_kp2500_seed456,456,20000,134,42,accuracy,100456,0.4073,1,2.9434350090026857,21.29303576052189,10,2.9434350090026857,valid,0.40799752470092876,0.47440228079277236,0.40730000000000005,100456
RS,0.43225,103,103,random,TINYIMAGENET,135,main_b1000_tinyimagenet_alexnet_RS_kp25_seed456,0.25,0.41735,False,0.25,alexnet,0.25,TINYIMAGENET_alexnet_RS_accuracy_kp2500_seed456,456,20000,135,42,accuracy,100456,0.41735,1,2.9081559000968933,21.389791771769524,10,2.9081559000968933,valid,0.41183364995742827,0.48104162560160046,0.41735,100456
RS,0.43225,103,103,random,TINYIMAGENET,136,main_b1000_tinyimagenet_alexnet_RS_kp25_seed456,0.25,0.4073,False,0.25,alexnet,0.25,TINYIMAGENET_alexnet_RS_accuracy_kp2500_seed456,456,20000,136,42,accuracy,100456,0.4073,1,2.983383668422699,21.318569786846638,10,2.983383668422699,valid,0.4036684970372583,0.47950860257093225,0.40730000000000005,100456
RS,0.43225,103,103,random,TINYIMAGENET,137,main_b1000_tinyimagenet_alexnet_RS_kp25_seed456,0.25,0.40215,False,0.25,alexnet,0.25,TINYIMAGENET_alexnet_RS_accuracy_kp2500_seed456,456,20000,137,42,accuracy,100456,0.40215,1,2.9718285015583037,21.370796479284763,10,2.9718285015583037,valid,0.3981666053852015,0.47401461296221714,0.40215,100456
RS,0.43225,103,103,random,TINYIMAGENET,138,main_b1000_tinyimagenet_alexnet_RS_kp25_seed456,0.25,0.40885,False,0.25,alexnet,0.25,TINYIMAGENET_alexnet_RS_accuracy_kp2500_seed456,456,20000,138,42,accuracy,100456,0.40885,1,2.960413847875595,21.372721187770367,10,2.960413847875595,valid,0.4083943423886028,0.4821816125405353,0.40885,100456
RS,0.43225,103,103,random,TINYIMAGENET,139,main_b1000_tinyimagenet_alexnet_RS_kp25_seed456,0.25,0.41035,False,0.25,alexnet,0.25,TINYIMAGENET_alexnet_RS_accuracy_kp2500_seed456,456,20000,139,42,accuracy,100456,0.41035,1,2.947032554769516,28.628827184438705,10,2.947032554769516,valid,0.40950118055242923,0.47909977661338166,0.41035,100456
RS,0.43225,103,103,random,TINYIMAGENET,140,main_b1000_tinyimagenet_alexnet_RS_kp25_seed456,0.25,0.4082,False,0.25,alexnet,0.25,TINYIMAGENET_alexnet_RS_accuracy_kp2500_seed456,456,20000,140,42,accuracy,100456,0.4082,1,2.977467004919052,21.42198497802019,10,2.977467004919052,valid,0.40588364146948763,0.4766106511266951,0.40819999999999995,100456
RS,0.43225,103,103,random,TINYIMAGENET,141,main_b1000_tinyimagenet_alexnet_RS_kp25_seed456,0.25,0.4123,False,0.25,alexnet,0.25,TINYIMAGENET_alexnet_RS_accuracy_kp2500_seed456,456,20000,141,42,accuracy,100456,0.4123,1,2.9249724289894106,21.270064018666744,10,2.9249724289894106,valid,0.4102553375323554,0.47751597241150906,0.41230000000000006,100456
RS,0.43225,103,103,random,TINYIMAGENET,142,main_b1000_tinyimagenet_alexnet_RS_kp25_seed456,0.25,0.4132,False,0.25,alexnet,0.25,TINYIMAGENET_alexnet_RS_accuracy_kp2500_seed456,456,20000,142,42,accuracy,100456,0.4132,1,2.955796209573746,21.326339229941368,10,2.955796209573746,valid,0.41037113458545543,0.47749403637093235,0.4132,100456
RS,0.43225,103,103,random,TINYIMAGENET,143,main_b1000_tinyimagenet_alexnet_RS_kp25_seed456,0.25,0.4263,False,0.25,alexnet,0.25,TINYIMAGENET_alexnet_RS_accuracy_kp2500_seed456,456,20000,143,42,accuracy,100456,0.4263,2,2.969488930606842,21.409123994410038,10,2.969488930606842,valid,0.42491662519500367,0.47016347219451116,0.42629999999999996,100456
RS,0.43225,103,103,random,TINYIMAGENET,144,main_b1000_tinyimagenet_alexnet_RS_kp25_seed456,0.25,0.40555,False,0.25,alexnet,0.25,TINYIMAGENET_alexnet_RS_accuracy_kp2500_seed456,456,20000,144,42,accuracy,100456,0.40555,1,2.9663822714328765,21.302126988768578,10,2.9663822714328765,valid,0.4003570100327359,0.47161225988361266,0.40555,100456
RS,0.43225,103,103,random,TINYIMAGENET,145,main_b1000_tinyimagenet_alexnet_RS_kp25_seed456,0.25,0.42235,False,0.25,alexnet,0.25,TINYIMAGENET_alexnet_RS_accuracy_kp2500_seed456,456,20000,145,42,accuracy,100456,0.42235,2,2.983459435415268,21.461433708667755,10,2.983459435415268,valid,0.41642521577238456,0.4648599598550424,0.42235,100456
RS,0.43225,103,103,random,TINYIMAGENET,146,main_b1000_tinyimagenet_alexnet_RS_kp25_seed456,0.25,0.4125,False,0.25,alexnet,0.25,TINYIMAGENET_alexnet_RS_accuracy_kp2500_seed456,456,20000,146,42,accuracy,100456,0.4125,1,2.944491120147705,21.34534841775894,10,2.944491120147705,valid,0.4051496416429263,0.4696060129554003,0.4125,100456
RS,0.43225,103,103,random,TINYIMAGENET,147,main_b1000_tinyimagenet_alexnet_RS_kp25_seed456,0.25,0.40625,False,0.25,alexnet,0.25,TINYIMAGENET_alexnet_RS_accuracy_kp2500_seed456,456,20000,147,42,accuracy,100456,0.40625,1,3.0069991985321045,21.35534927994013,10,3.0069991985321045,valid,0.4002989529844123,0.476872493560157,0.40625,100456
RS,0.43225,103,103,random,TINYIMAGENET,148,main_b1000_tinyimagenet_alexnet_RS_kp25_seed456,0.25,0.4017,False,0.25,alexnet,0.25,TINYIMAGENET_alexnet_RS_accuracy_kp2500_seed456,456,20000,148,42,accuracy,100456,0.4017,1,2.995235178756714,21.415641099214554,10,2.995235178756714,valid,0.4004941795883146,0.4738719244769866,0.4017,100456
RS,0.43225,103,103,random,TINYIMAGENET,149,main_b1000_tinyimagenet_alexnet_RS_kp25_seed456,0.25,0.41185,False,0.25,alexnet,0.25,TINYIMAGENET_alexnet_RS_accuracy_kp2500_seed456,456,20000,149,42,accuracy,100456,0.41185,1,2.902499815940857,21.246857158839703,10,2.902499815940857,valid,0.41197752383370256,0.472786168139496,0.41185000000000005,100456
RS,0.43225,103,103,random,TINYIMAGENET,150,main_b1000_tinyimagenet_alexnet_RS_kp25_seed456,0.25,0.4052,False,0.25,alexnet,0.25,TINYIMAGENET_alexnet_RS_accuracy_kp2500_seed456,456,20000,150,42,accuracy,100456,0.4052,1,2.9694142956018448,21.40028290450573,10,2.9694142956018448,valid,0.4048115100089508,0.4808060794541234,0.40519999999999995,100456
RS,0.43225,103,103,random,TINYIMAGENET,151,main_b1000_tinyimagenet_alexnet_RS_kp25_seed456,0.25,0.4091,False,0.25,alexnet,0.25,TINYIMAGENET_alexnet_RS_accuracy_kp2500_seed456,456,20000,151,42,accuracy,100456,0.4091,1,2.9669072946548463,21.362114682793617,10,2.9669072946548463,valid,0.41192437426684003,0.4895622797710938,0.40909999999999996,100456
RS,0.43225,103,103,random,TINYIMAGENET,152,main_b1000_tinyimagenet_alexnet_RS_kp25_seed456,0.25,0.4038,False,0.25,alexnet,0.25,TINYIMAGENET_alexnet_RS_accuracy_kp2500_seed456,456,20000,152,42,accuracy,100456,0.4038,1,2.9470632987976075,21.25145759433508,10,2.9470632987976075,valid,0.4019415985664058,0.4763149981356568,0.40380000000000005,100456
RS,0.43225,103,103,random,TINYIMAGENET,153,main_b1000_tinyimagenet_alexnet_RS_kp25_seed456,0.25,0.40795,False,0.25,alexnet,0.25,TINYIMAGENET_alexnet_RS_accuracy_kp2500_seed456,456,20000,153,42,accuracy,100456,0.40795,1,2.9622949922084807,21.484570510685444,10,2.9622949922084807,valid,0.4042233947444355,0.4782976960363705,0.40795000000000003,100456
RS,0.43225,103,103,random,TINYIMAGENET,154,main_b1000_tinyimagenet_alexnet_RS_kp25_seed456,0.25,0.41355,False,0.25,alexnet,0.25,TINYIMAGENET_alexnet_RS_accuracy_kp2500_seed456,456,20000,154,42,accuracy,100456,0.41355,1,2.886736039733887,21.321013025939465,10,2.886736039733887,valid,0.40758460863532664,0.4686705611962182,0.41355000000000003,100456
RS,0.43225,103,103,random,TINYIMAGENET,155,main_b1000_tinyimagenet_alexnet_RS_kp25_seed456,0.25,0.4025,False,0.25,alexnet,0.25,TINYIMAGENET_alexnet_RS_accuracy_kp2500_seed456,456,20000,155,42,accuracy,100456,0.4025,1,3.0075318200111387,21.313138835132122,10,3.0075318200111387,valid,0.40158771360184814,0.4880894418700933,0.4025,100456
RS,0.43225,103,103,random,TINYIMAGENET,156,main_b1000_tinyimagenet_alexnet_RS_kp25_seed456,0.25,0.4116,False,0.25,alexnet,0.25,TINYIMAGENET_alexnet_RS_accuracy_kp2500_seed456,456,20000,156,42,accuracy,100456,0.4116,1,2.9556984132289887,21.440414994955063,10,2.9556984132289887,valid,0.4077649967214542,0.4730301642735887,0.41159999999999997,100456
RS,0.43225,103,103,random,TINYIMAGENET,157,main_b1000_tinyimagenet_alexnet_RS_kp25_seed456,0.25,0.42485,False,0.25,alexnet,0.25,TINYIMAGENET_alexnet_RS_accuracy_kp2500_seed456,456,20000,157,42,accuracy,100456,0.42485,2,2.952717096042633,21.25320702046156,10,2.952717096042633,valid,0.4215800229900568,0.46433087411687013,0.42485,100456
RS,0.43225,103,103,random,TINYIMAGENET,158,main_b1000_tinyimagenet_alexnet_RS_kp25_seed456,0.25,0.40935,False,0.25,alexnet,0.25,TINYIMAGENET_alexnet_RS_accuracy_kp2500_seed456,456,20000,158,42,accuracy,100456,0.40935,1,2.9581055411338806,21.42585375159979,10,2.9581055411338806,valid,0.40370615359191403,0.4712898171738766,0.40935000000000005,100456
RS,0.43225,103,103,random,TINYIMAGENET,159,main_b1000_tinyimagenet_alexnet_RS_kp25_seed456,0.25,0.4115,False,0.25,alexnet,0.25,TINYIMAGENET_alexnet_RS_accuracy_kp2500_seed456,456,20000,159,42,accuracy,100456,0.4115,1,2.984727195930481,21.344449430704117,10,2.984727195930481,valid,0.4046429520412447,0.4814933950392843,0.4115,100456
RS,0.43225,103,103,random,TINYIMAGENET,160,main_b1000_tinyimagenet_alexnet_RS_kp25_seed456,0.25,0.40725,False,0.25,alexnet,0.25,TINYIMAGENET_alexnet_RS_accuracy_kp2500_seed456,456,20000,160,42,accuracy,100456,0.40725,1,2.9749474197864534,21.32198065519333,10,2.9749474197864534,valid,0.4032721785379576,0.4709036086617225,0.40725,100456
RS,0.43225,103,103,random,TINYIMAGENET,161,main_b1000_tinyimagenet_alexnet_RS_kp25_seed456,0.25,0.41485,False,0.25,alexnet,0.25,TINYIMAGENET_alexnet_RS_accuracy_kp2500_seed456,456,20000,161,42,accuracy,100456,0.41485,1,2.9289506104946135,21.456090554594994,10,2.9289506104946135,valid,0.41014447815099,0.4730545366004418,0.41485,100456
RS,0.43225,103,103,random,TINYIMAGENET,162,main_b1000_tinyimagenet_alexnet_RS_kp25_seed456,0.25,0.4025,False,0.25,alexnet,0.25,TINYIMAGENET_alexnet_RS_accuracy_kp2500_seed456,456,20000,162,42,accuracy,100456,0.4025,1,2.9581556278705596,21.26723686605692,10,2.9581556278705596,valid,0.4008761563839818,0.482970122252967,0.4025,100456
RS,0.43225,103,103,random,TINYIMAGENET,163,main_b1000_tinyimagenet_alexnet_RS_kp25_seed456,0.25,0.41185,False,0.25,alexnet,0.25,TINYIMAGENET_alexnet_RS_accuracy_kp2500_seed456,456,20000,163,42,accuracy,100456,0.41185,1,2.934124489068985,21.409211419522762,10,2.934124489068985,valid,0.4096535017659119,0.47730950983376985,0.41185000000000005,100456
RS,0.43225,103,103,random,TINYIMAGENET,164,main_b1000_tinyimagenet_alexnet_RS_kp25_seed456,0.25,0.40775,False,0.25,alexnet,0.25,TINYIMAGENET_alexnet_RS_accuracy_kp2500_seed456,456,20000,164,42,accuracy,100456,0.40775,1,2.957785214614868,21.42426533997059,10,2.957785214614868,valid,0.40285338553281064,0.48518539506674946,0.40775000000000006,100456
RS,0.43225,103,103,random,TINYIMAGENET,165,main_b1000_tinyimagenet_alexnet_RS_kp25_seed456,0.25,0.41685,False,0.25,alexnet,0.25,TINYIMAGENET_alexnet_RS_accuracy_kp2500_seed456,456,20000,165,42,accuracy,100456,0.41685,2,2.9663515171051027,21.292549580335617,10,2.9663515171051027,valid,0.41845250927701194,0.470022845331405,0.41685,100456
RS,0.43225,103,103,random,TINYIMAGENET,166,main_b1000_tinyimagenet_alexnet_RS_kp25_seed456,0.25,0.4038,False,0.25,alexnet,0.25,TINYIMAGENET_alexnet_RS_accuracy_kp2500_seed456,456,20000,166,42,accuracy,100456,0.4038,1,2.9979801169872284,21.41705670952797,10,2.9979801169872284,valid,0.39962735176656655,0.48236580046686833,0.40379999999999994,100456
RS,0.43225,103,103,random,TINYIMAGENET,167,main_b1000_tinyimagenet_alexnet_RS_kp25_seed456,0.25,0.39995,False,0.25,alexnet,0.25,TINYIMAGENET_alexnet_RS_accuracy_kp2500_seed456,456,20000,167,42,accuracy,100456,0.39995,1,2.9802809488534927,21.339759685099125,10,2.9802809488534927,valid,0.3988717275612028,0.4791302381515979,0.39994999999999997,100456
RS,0.43225,103,103,random,TINYIMAGENET,168,main_b1000_tinyimagenet_alexnet_RS_kp25_seed456,0.25,0.40595,False,0.25,alexnet,0.25,TINYIMAGENET_alexnet_RS_accuracy_kp2500_seed456,456,20000,168,42,accuracy,100456,0.40595,1,2.958593693351746,21.3130097463727,10,2.958593693351746,valid,0.4083841393391663,0.4780127832313694,0.40595,100456
RS,0.43225,103,103,random,TINYIMAGENET,169,main_b1000_tinyimagenet_alexnet_RS_kp25_seed456,0.25,0.40315,False,0.25,alexnet,0.25,TINYIMAGENET_alexnet_RS_accuracy_kp2500_seed456,456,20000,169,42,accuracy,100456,0.40315,1,3.018979334592819,21.415281005203724,10,3.018979334592819,valid,0.40078251418788485,0.48014576398065145,0.40314999999999995,100456
RS,0.43225,103,103,random,TINYIMAGENET,170,main_b1000_tinyimagenet_alexnet_RS_kp25_seed456,0.25,0.40885,False,0.25,alexnet,0.25,TINYIMAGENET_alexnet_RS_accuracy_kp2500_seed456,456,20000,170,42,accuracy,100456,0.40885,1,2.926825160074234,21.283932328224182,10,2.926825160074234,valid,0.4062367167682752,0.47408884317985406,0.40885000000000005,100456
RS,0.43225,103,103,random,TINYIMAGENET,171,main_b1000_tinyimagenet_alexnet_RS_kp25_seed456,0.25,0.4181,False,0.25,alexnet,0.25,TINYIMAGENET_alexnet_RS_accuracy_kp2500_seed456,456,20000,171,42,accuracy,100456,0.4181,2,2.9983164771556856,21.401407703757286,10,2.9983164771556856,valid,0.4183762608468068,0.47040433319085323,0.4181,100456
RS,0.43225,103,103,random,TINYIMAGENET,172,main_b1000_tinyimagenet_alexnet_RS_kp25_seed456,0.25,0.4131,False,0.25,alexnet,0.25,TINYIMAGENET_alexnet_RS_accuracy_kp2500_seed456,456,20000,172,42,accuracy,100456,0.4131,1,2.937125504541397,21.403280936181545,10,2.937125504541397,valid,0.4103592427418738,0.47524671552159703,0.4131,100456
RS,0.43225,103,103,random,TINYIMAGENET,173,main_b1000_tinyimagenet_alexnet_RS_kp25_seed456,0.25,0.4068,False,0.25,alexnet,0.25,TINYIMAGENET_alexnet_RS_accuracy_kp2500_seed456,456,20000,173,42,accuracy,100456,0.4068,1,2.9642736157417295,21.311519347131252,10,2.9642736157417295,valid,0.404560488038626,0.47850314501497876,0.4068,100456
RS,0.43225,103,103,random,TINYIMAGENET,174,main_b1000_tinyimagenet_alexnet_RS_kp25_seed456,0.25,0.4077,False,0.25,alexnet,0.25,TINYIMAGENET_alexnet_RS_accuracy_kp2500_seed456,456,20000,174,42,accuracy,100456,0.4077,1,2.9604099951267244,21.4612021073699,10,2.9604099951267244,valid,0.4031739703349505,0.4769562157526947,0.40769999999999995,100456
RS,0.43225,103,103,random,TINYIMAGENET,175,main_b1000_tinyimagenet_alexnet_RS_kp25_seed456,0.25,0.40695,False,0.25,alexnet,0.25,TINYIMAGENET_alexnet_RS_accuracy_kp2500_seed456,456,20000,175,42,accuracy,100456,0.40695,1,2.978941396665573,21.380942553281784,10,2.978941396665573,valid,0.40561417237933695,0.4744222590316109,0.40695,100456
RS,0.43225,103,103,random,TINYIMAGENET,176,main_b1000_tinyimagenet_alexnet_RS_kp25_seed456,0.25,0.40785,False,0.25,alexnet,0.25,TINYIMAGENET_alexnet_RS_accuracy_kp2500_seed456,456,20000,176,42,accuracy,100456,0.40785,1,2.915597002506256,21.41905178874731,10,2.915597002506256,valid,0.4064265377834546,0.4711450436727019,0.40785,100456
RS,0.43225,103,103,random,TINYIMAGENET,177,main_b1000_tinyimagenet_alexnet_RS_kp25_seed456,0.25,0.4097,False,0.25,alexnet,0.25,TINYIMAGENET_alexnet_RS_accuracy_kp2500_seed456,456,20000,177,42,accuracy,100456,0.4097,1,2.9548136017799376,21.399144500494003,10,2.9548136017799376,valid,0.4036003402113424,0.4717864234384374,0.4097,100456
RS,0.43225,103,103,random,TINYIMAGENET,178,main_b1000_tinyimagenet_alexnet_RS_kp25_seed456,0.25,0.40885,False,0.25,alexnet,0.25,TINYIMAGENET_alexnet_RS_accuracy_kp2500_seed456,456,20000,178,42,accuracy,100456,0.40885,1,2.935571856212616,21.345913261175156,10,2.935571856212616,valid,0.41122978737005594,0.48504890750268814,0.40885000000000005,100456
RS,0.43225,103,103,random,TINYIMAGENET,179,main_b1000_tinyimagenet_alexnet_RS_kp25_seed456,0.25,0.41625,False,0.25,alexnet,0.25,TINYIMAGENET_alexnet_RS_accuracy_kp2500_seed456,456,20000,179,42,accuracy,100456,0.41625,1,2.9172334169387817,21.373695097863674,10,2.9172334169387817,valid,0.4089996032333205,0.4777084676670612,0.41625,100456
RS,0.43225,103,103,random,TINYIMAGENET,180,main_b1000_tinyimagenet_alexnet_RS_kp25_seed456,0.25,0.41105,False,0.25,alexnet,0.25,TINYIMAGENET_alexnet_RS_accuracy_kp2500_seed456,456,20000,180,42,accuracy,100456,0.41105,1,2.9286386209487913,21.309079252183437,10,2.9286386209487913,valid,0.4070931592730998,0.4685611789160993,0.41105,100456
RS,0.43225,103,103,random,TINYIMAGENET,181,main_b1000_tinyimagenet_alexnet_RS_kp25_seed456,0.25,0.41105,False,0.25,alexnet,0.25,TINYIMAGENET_alexnet_RS_accuracy_kp2500_seed456,456,20000,181,42,accuracy,100456,0.41105,1,2.908644405078888,21.360189229249954,10,2.908644405078888,valid,0.41003275865219263,0.47526427085285405,0.41105,100456
RS,0.43225,103,103,random,TINYIMAGENET,182,main_b1000_tinyimagenet_alexnet_RS_kp25_seed456,0.25,0.40935,False,0.25,alexnet,0.25,TINYIMAGENET_alexnet_RS_accuracy_kp2500_seed456,456,20000,182,42,accuracy,100456,0.40935,1,2.92849352145195,21.445056825876236,10,2.92849352145195,valid,0.4017592292252958,0.4679186932645131,0.40935000000000005,100456
RS,0.43225,103,103,random,TINYIMAGENET,183,main_b1000_tinyimagenet_alexnet_RS_kp25_seed456,0.25,0.40625,False,0.25,alexnet,0.25,TINYIMAGENET_alexnet_RS_accuracy_kp2500_seed456,456,20000,183,42,accuracy,100456,0.40625,1,2.9628405052661897,21.30493914335966,10,2.9628405052661897,valid,0.40448083502809895,0.47930528154375773,0.40625,100456
RS,0.43225,103,103,random,TINYIMAGENET,184,main_b1000_tinyimagenet_alexnet_RS_kp25_seed456,0.25,0.4184,False,0.25,alexnet,0.25,TINYIMAGENET_alexnet_RS_accuracy_kp2500_seed456,456,20000,184,42,accuracy,100456,0.4184,2,3.010302583885193,21.459318406879902,10,3.010302583885193,valid,0.42126858178074217,0.47661688689035536,0.41840000000000005,100456
RS,0.43225,103,103,random,TINYIMAGENET,185,main_b1000_tinyimagenet_alexnet_RS_kp25_seed456,0.25,0.40905,False,0.25,alexnet,0.25,TINYIMAGENET_alexnet_RS_accuracy_kp2500_seed456,456,20000,185,42,accuracy,100456,0.40905,1,2.9266492406845095,21.3715046569705,10,2.9266492406845095,valid,0.40539987725290044,0.4700780837618549,0.40905,100456
RS,0.43225,103,103,random,TINYIMAGENET,186,main_b1000_tinyimagenet_alexnet_RS_kp25_seed456,0.25,0.42535,False,0.25,alexnet,0.25,TINYIMAGENET_alexnet_RS_accuracy_kp2500_seed456,456,20000,186,42,accuracy,100456,0.42535,2,2.960078062915802,21.362098708748817,10,2.960078062915802,valid,0.42248226714232745,0.47223329742997733,0.42534999999999995,100456
RS,0.43225,103,103,random,TINYIMAGENET,187,main_b1000_tinyimagenet_alexnet_RS_kp25_seed456,0.25,0.4075,False,0.25,alexnet,0.25,TINYIMAGENET_alexnet_RS_accuracy_kp2500_seed456,456,20000,187,42,accuracy,100456,0.4075,1,2.962006191635132,21.450506061315536,10,2.962006191635132,valid,0.40401270217955776,0.4754110063656728,0.4075000000000001,100456
RS,0.43225,103,103,random,TINYIMAGENET,188,main_b1000_tinyimagenet_alexnet_RS_kp25_seed456,0.25,0.4069,False,0.25,alexnet,0.25,TINYIMAGENET_alexnet_RS_accuracy_kp2500_seed456,456,20000,188,42,accuracy,100456,0.4069,1,2.9790637818336485,21.356524765491486,10,2.9790637818336485,valid,0.40134311843155246,0.4853241724052586,0.4069,100456
RS,0.43225,103,103,random,TINYIMAGENET,189,main_b1000_tinyimagenet_alexnet_RS_kp25_seed456,0.25,0.40585,False,0.25,alexnet,0.25,TINYIMAGENET_alexnet_RS_accuracy_kp2500_seed456,456,20000,189,42,accuracy,100456,0.40585,1,2.986147453403473,21.460793562233448,10,2.986147453403473,valid,0.401538179324673,0.4706093824236047,0.40584999999999993,100456
RS,0.43225,103,103,random,TINYIMAGENET,190,main_b1000_tinyimagenet_alexnet_RS_kp25_seed456,0.25,0.41175,False,0.25,alexnet,0.25,TINYIMAGENET_alexnet_RS_accuracy_kp2500_seed456,456,20000,190,42,accuracy,100456,0.41175,1,2.954578937149048,21.487136229872704,10,2.954578937149048,valid,0.4063092045835292,0.47639460914639875,0.41174999999999995,100456
RS,0.43225,103,103,random,TINYIMAGENET,191,main_b1000_tinyimagenet_alexnet_RS_kp25_seed456,0.25,0.41075,False,0.25,alexnet,0.25,TINYIMAGENET_alexnet_RS_accuracy_kp2500_seed456,456,20000,191,42,accuracy,100456,0.41075,1,2.9256097095489504,21.286043614149094,10,2.9256097095489504,valid,0.40640908235430007,0.47364197480047365,0.41075,100456
RS,0.43225,103,103,random,TINYIMAGENET,192,main_b1000_tinyimagenet_alexnet_RS_kp25_seed456,0.25,0.4087,False,0.25,alexnet,0.25,TINYIMAGENET_alexnet_RS_accuracy_kp2500_seed456,456,20000,192,42,accuracy,100456,0.4087,1,2.9338144644737243,21.48423883318901,10,2.9338144644737243,valid,0.40712055233442596,0.4755579194876571,0.40870000000000006,100456
RS,0.43225,103,103,random,TINYIMAGENET,193,main_b1000_tinyimagenet_alexnet_RS_kp25_seed456,0.25,0.4144,False,0.25,alexnet,0.25,TINYIMAGENET_alexnet_RS_accuracy_kp2500_seed456,456,20000,193,42,accuracy,100456,0.4144,1,2.9002676051139833,21.362139597535133,10,2.9002676051139833,valid,0.41321490526000176,0.47968999052957384,0.41440000000000005,100456
RS,0.43225,103,103,random,TINYIMAGENET,194,main_b1000_tinyimagenet_alexnet_RS_kp25_seed456,0.25,0.41975,False,0.25,alexnet,0.25,TINYIMAGENET_alexnet_RS_accuracy_kp2500_seed456,456,20000,194,42,accuracy,100456,0.41975,2,2.9880607204437255,21.423547938466072,10,2.9880607204437255,valid,0.4181820181682324,0.4718725584276388,0.41975,100456
RS,0.43225,103,103,random,TINYIMAGENET,195,main_b1000_tinyimagenet_alexnet_RS_kp25_seed456,0.25,0.40835,False,0.25,alexnet,0.25,TINYIMAGENET_alexnet_RS_accuracy_kp2500_seed456,456,20000,195,42,accuracy,100456,0.40835,1,2.9767369904994965,21.45356123149395,10,2.9767369904994965,valid,0.4053368358077601,0.47521854856812623,0.40835,100456
RS,0.43225,103,103,random,TINYIMAGENET,196,main_b1000_tinyimagenet_alexnet_RS_kp25_seed456,0.25,0.40655,False,0.25,alexnet,0.25,TINYIMAGENET_alexnet_RS_accuracy_kp2500_seed456,456,20000,196,42,accuracy,100456,0.40655,1,2.988531610250473,21.33909833431244,10,2.988531610250473,valid,0.39989904959242795,0.4719534892100776,0.40655,100456
RS,0.43225,103,103,random,TINYIMAGENET,197,main_b1000_tinyimagenet_alexnet_RS_kp25_seed456,0.25,0.4058,False,0.25,alexnet,0.25,TINYIMAGENET_alexnet_RS_accuracy_kp2500_seed456,456,20000,197,42,accuracy,100456,0.4058,1,2.9699433951377867,21.38031519204378,10,2.9699433951377867,valid,0.40239220344069154,0.479558380319948,0.4058,100456
RS,0.43225,103,103,random,TINYIMAGENET,198,main_b1000_tinyimagenet_alexnet_RS_kp25_seed456,0.25,0.4212,False,0.25,alexnet,0.25,TINYIMAGENET_alexnet_RS_accuracy_kp2500_seed456,456,20000,198,42,accuracy,100456,0.4212,2,2.9713165006637574,21.42075952887535,10,2.9713165006637574,valid,0.42017852767457287,0.46974350037315277,0.42119999999999996,100456
RS,0.43225,103,103,random,TINYIMAGENET,199,main_b1000_tinyimagenet_alexnet_RS_kp25_seed456,0.25,0.4069,False,0.25,alexnet,0.25,TINYIMAGENET_alexnet_RS_accuracy_kp2500_seed456,456,20000,199,42,accuracy,100456,0.4069,1,2.961349017429352,21.26081356406212,10,2.961349017429352,valid,0.4019617056613059,0.47779913217089615,0.4069,100456
RS,0.43225,103,103,random,TINYIMAGENET,200,main_b1000_tinyimagenet_alexnet_RS_kp25_seed456,0.25,0.4045,False,0.25,alexnet,0.25,TINYIMAGENET_alexnet_RS_accuracy_kp2500_seed456,456,20000,200,42,accuracy,100456,0.4045,1,2.981257307767868,21.45592851936817,10,2.981257307767868,valid,0.3990124852027391,0.4712765986413842,0.4045,100456
RS,0.43225,103,103,random,TINYIMAGENET,201,main_b1000_tinyimagenet_alexnet_RS_kp25_seed456,0.25,0.413,False,0.25,alexnet,0.25,TINYIMAGENET_alexnet_RS_accuracy_kp2500_seed456,456,20000,201,42,accuracy,100456,0.413,1,2.9658455584526062,21.358130909502506,10,2.9658455584526062,valid,0.4055909253399379,0.47545770236198215,0.413,100456
RS,0.43225,103,103,random,TINYIMAGENET,202,main_b1000_tinyimagenet_alexnet_RS_kp25_seed456,0.25,0.40795,False,0.25,alexnet,0.25,TINYIMAGENET_alexnet_RS_accuracy_kp2500_seed456,456,20000,202,42,accuracy,100456,0.40795,1,2.938522326231003,21.306211322546005,10,2.938522326231003,valid,0.4021094759990858,0.47140484429809704,0.40795000000000003,100456
RS,0.43225,103,103,random,TINYIMAGENET,203,main_b1000_tinyimagenet_alexnet_RS_kp25_seed456,0.25,0.41005,False,0.25,alexnet,0.25,TINYIMAGENET_alexnet_RS_accuracy_kp2500_seed456,456,20000,203,42,accuracy,100456,0.41005,1,2.9466143402338028,21.479239411652088,10,2.9466143402338028,valid,0.405427701793953,0.47361101854130605,0.41005,100456
RS,0.43225,103,103,random,TINYIMAGENET,204,main_b1000_tinyimagenet_alexnet_RS_kp25_seed456,0.25,0.40955,False,0.25,alexnet,0.25,TINYIMAGENET_alexnet_RS_accuracy_kp2500_seed456,456,20000,204,42,accuracy,100456,0.40955,1,2.94405797996521,21.662771001458168,10,2.94405797996521,valid,0.4076328065806278,0.4793055740731036,0.40954999999999997,100456
RS,0.43225,103,103,random,TINYIMAGENET,205,main_b1000_tinyimagenet_alexnet_RS_kp25_seed456,0.25,0.4105,False,0.25,alexnet,0.25,TINYIMAGENET_alexnet_RS_accuracy_kp2500_seed456,456,20000,205,42,accuracy,100456,0.4105,1,2.975699306154251,21.393458254635334,10,2.975699306154251,valid,0.4047313068920034,0.47164530239221564,0.41050000000000003,100456
RS,0.43225,103,103,random,TINYIMAGENET,206,main_b1000_tinyimagenet_alexnet_RS_kp25_seed456,0.25,0.402,False,0.25,alexnet,0.25,TINYIMAGENET_alexnet_RS_accuracy_kp2500_seed456,456,20000,206,42,accuracy,100456,0.402,1,2.981381539344788,21.5265124887228,10,2.981381539344788,valid,0.4068446677148353,0.48658734935292514,0.40199999999999997,100456
RS,0.43225,103,103,random,TINYIMAGENET,207,main_b1000_tinyimagenet_alexnet_RS_kp25_seed456,0.25,0.4097,False,0.25,alexnet,0.25,TINYIMAGENET_alexnet_RS_accuracy_kp2500_seed456,456,20000,207,42,accuracy,100456,0.4097,1,2.9419171232700347,21.303882360458374,10,2.9419171232700347,valid,0.40602931529764547,0.4789508454488868,0.4097,100456
RS,0.43225,103,103,random,TINYIMAGENET,208,main_b1000_tinyimagenet_alexnet_RS_kp25_seed456,0.25,0.4062,False,0.25,alexnet,0.25,TINYIMAGENET_alexnet_RS_accuracy_kp2500_seed456,456,20000,208,42,accuracy,100456,0.4062,1,2.961640327358246,21.486924715340137,10,2.961640327358246,valid,0.40430034590649,0.47678780172374424,0.40620000000000006,100456
RS,0.43225,103,103,random,TINYIMAGENET,209,main_b1000_tinyimagenet_alexnet_RS_kp25_seed456,0.25,0.40605,False,0.25,alexnet,0.25,TINYIMAGENET_alexnet_RS_accuracy_kp2500_seed456,456,20000,209,42,accuracy,100456,0.40605,1,2.9627631070137026,21.390610553324223,10,2.9627631070137026,valid,0.4049425221544425,0.476906289513779,0.40605,100456
RS,0.43225,103,103,random,TINYIMAGENET,210,main_b1000_tinyimagenet_alexnet_RS_kp25_seed456,0.25,0.4155,False,0.25,alexnet,0.25,TINYIMAGENET_alexnet_RS_accuracy_kp2500_seed456,456,20000,210,42,accuracy,100456,0.4155,1,2.9290535669326783,21.342148900032043,10,2.9290535669326783,valid,0.4099623395787562,0.4803118378056412,0.41550000000000004,100456
RS,0.43225,103,103,random,TINYIMAGENET,211,main_b1000_tinyimagenet_alexnet_RS_kp25_seed456,0.25,0.4099,False,0.25,alexnet,0.25,TINYIMAGENET_alexnet_RS_accuracy_kp2500_seed456,456,20000,211,42,accuracy,100456,0.4099,1,2.949435100221634,21.483825609087944,10,2.949435100221634,valid,0.40630174010796866,0.46925925338195124,0.40990000000000004,100456
RS,0.43225,103,103,random,TINYIMAGENET,212,main_b1000_tinyimagenet_alexnet_RS_kp25_seed456,0.25,0.4096,False,0.25,alexnet,0.25,TINYIMAGENET_alexnet_RS_accuracy_kp2500_seed456,456,20000,212,42,accuracy,100456,0.4096,1,2.9753579201698304,21.451899521052837,10,2.9753579201698304,valid,0.40545595977890003,0.48234656503648055,0.4096,100456
RS,0.43225,103,103,random,TINYIMAGENET,213,main_b1000_tinyimagenet_alexnet_RS_kp25_seed456,0.25,0.40385,False,0.25,alexnet,0.25,TINYIMAGENET_alexnet_RS_accuracy_kp2500_seed456,456,20000,213,42,accuracy,100456,0.40385,1,2.9696467092990875,21.652143724262714,10,2.9696467092990875,valid,0.4029208416105207,0.4739800309473974,0.40385000000000004,100456
RS,0.43225,103,103,random,TINYIMAGENET,214,main_b1000_tinyimagenet_alexnet_RS_kp25_seed456,0.25,0.42045,False,0.25,alexnet,0.25,TINYIMAGENET_alexnet_RS_accuracy_kp2500_seed456,456,20000,214,42,accuracy,100456,0.42045,2,2.9706257531642914,21.53855985403061,10,2.9706257531642914,valid,0.41696950019706547,0.4605260628725276,0.42045,100456
RS,0.43225,103,103,random,TINYIMAGENET,215,main_b1000_tinyimagenet_alexnet_RS_kp25_seed456,0.25,0.39825,False,0.25,alexnet,0.25,TINYIMAGENET_alexnet_RS_accuracy_kp2500_seed456,456,20000,215,42,accuracy,100456,0.39825,1,2.990478316450119,21.31500782817602,10,2.990478316450119,valid,0.39705893440833123,0.4842237410283626,0.39825000000000005,100456
RS,0.43225,103,103,random,TINYIMAGENET,216,main_b1000_tinyimagenet_alexnet_RS_kp25_seed456,0.25,0.4075,False,0.25,alexnet,0.25,TINYIMAGENET_alexnet_RS_accuracy_kp2500_seed456,456,20000,216,42,accuracy,100456,0.4075,1,2.9735114406585694,21.431649558246136,10,2.9735114406585694,valid,0.4052129393917012,0.4814921123822171,0.4075,100456
RS,0.43225,103,103,random,TINYIMAGENET,217,main_b1000_tinyimagenet_alexnet_RS_kp25_seed456,0.25,0.40715,False,0.25,alexnet,0.25,TINYIMAGENET_alexnet_RS_accuracy_kp2500_seed456,456,20000,217,42,accuracy,100456,0.40715,1,2.9734861062049864,21.401069536805153,10,2.9734861062049864,valid,0.40917384786163347,0.48085526937036066,0.40715,100456
RS,0.43225,103,103,random,TINYIMAGENET,218,main_b1000_tinyimagenet_alexnet_RS_kp25_seed456,0.25,0.4066,False,0.25,alexnet,0.25,TINYIMAGENET_alexnet_RS_accuracy_kp2500_seed456,456,20000,218,42,accuracy,100456,0.4066,1,3.0167748088359834,21.291689552366734,10,3.0167748088359834,valid,0.40325024490247985,0.4796873298197153,0.4066,100456
RS,0.43225,103,103,random,TINYIMAGENET,219,main_b1000_tinyimagenet_alexnet_RS_kp25_seed456,0.25,0.4062,False,0.25,alexnet,0.25,TINYIMAGENET_alexnet_RS_accuracy_kp2500_seed456,456,20000,219,42,accuracy,100456,0.4062,1,2.9699140844345093,21.46955566853285,10,2.9699140844345093,valid,0.405572661755584,0.48056096876591475,0.40620000000000006,100456
RS,0.43225,103,103,random,TINYIMAGENET,220,main_b1000_tinyimagenet_alexnet_RS_kp25_seed456,0.25,0.41475,False,0.25,alexnet,0.25,TINYIMAGENET_alexnet_RS_accuracy_kp2500_seed456,456,20000,220,42,accuracy,100456,0.41475,1,2.905697339582443,21.3216135725379,10,2.905697339582443,valid,0.4085598860861498,0.4659561937298771,0.41475,100456
RS,0.43225,103,103,random,TINYIMAGENET,221,main_b1000_tinyimagenet_alexnet_RS_kp25_seed456,0.25,0.4001,False,0.25,alexnet,0.25,TINYIMAGENET_alexnet_RS_accuracy_kp2500_seed456,456,20000,221,42,accuracy,100456,0.4001,1,3.019509339904785,21.307868666946888,10,3.019509339904785,valid,0.39965459960233557,0.4772923182391293,0.40009999999999996,100456
RS,0.43225,103,103,random,TINYIMAGENET,222,main_b1000_tinyimagenet_alexnet_RS_kp25_seed456,0.25,0.41625,False,0.25,alexnet,0.25,TINYIMAGENET_alexnet_RS_accuracy_kp2500_seed456,456,20000,222,42,accuracy,100456,0.41625,2,2.991825518465042,21.460699506103992,10,2.991825518465042,valid,0.41632197295445644,0.4729579623220148,0.41625,100456
RS,0.43225,103,103,random,TINYIMAGENET,223,main_b1000_tinyimagenet_alexnet_RS_kp25_seed456,0.25,0.41445,False,0.25,alexnet,0.25,TINYIMAGENET_alexnet_RS_accuracy_kp2500_seed456,456,20000,223,42,accuracy,100456,0.41445,1,2.9058160815238954,21.331931203603745,10,2.9058160815238954,valid,0.41263106277041217,0.481585939341069,0.41444999999999993,100456
RS,0.43225,103,103,random,TINYIMAGENET,224,main_b1000_tinyimagenet_alexnet_RS_kp25_seed456,0.25,0.40855,False,0.25,alexnet,0.25,TINYIMAGENET_alexnet_RS_accuracy_kp2500_seed456,456,20000,224,42,accuracy,100456,0.40855,1,2.9253805707216265,21.356423251330853,10,2.9253805707216265,valid,0.4073308808720661,0.4711308428331921,0.40855,100456
RS,0.43225,103,103,random,TINYIMAGENET,225,main_b1000_tinyimagenet_alexnet_RS_kp25_seed456,0.25,0.4074,False,0.25,alexnet,0.25,TINYIMAGENET_alexnet_RS_accuracy_kp2500_seed456,456,20000,225,42,accuracy,100456,0.4074,1,2.961559227466583,21.49744475632906,10,2.961559227466583,valid,0.40245734361795854,0.47254404829265967,0.40739999999999993,100456
RS,0.43225,103,103,random,TINYIMAGENET,226,main_b1000_tinyimagenet_alexnet_RS_kp25_seed456,0.25,0.40875,False,0.25,alexnet,0.25,TINYIMAGENET_alexnet_RS_accuracy_kp2500_seed456,456,20000,226,42,accuracy,100456,0.40875,1,2.9402297513008118,21.35562562197447,10,2.9402297513008118,valid,0.4080314217176223,0.48193489484433927,0.40875,100456
RS,0.43225,103,103,random,TINYIMAGENET,227,main_b1000_tinyimagenet_alexnet_RS_kp25_seed456,0.25,0.40885,False,0.25,alexnet,0.25,TINYIMAGENET_alexnet_RS_accuracy_kp2500_seed456,456,20000,227,42,accuracy,100456,0.40885,1,2.987998530960083,21.380751624703407,10,2.987998530960083,valid,0.4075466721371679,0.48111130956727133,0.40885,100456
RS,0.43225,103,103,random,TINYIMAGENET,228,main_b1000_tinyimagenet_alexnet_RS_kp25_seed456,0.25,0.40855,False,0.25,alexnet,0.25,TINYIMAGENET_alexnet_RS_accuracy_kp2500_seed456,456,20000,228,42,accuracy,100456,0.40855,1,2.97376649889946,21.480137199163437,10,2.97376649889946,valid,0.40311274846770717,0.47175399080502833,0.40854999999999997,100456
RS,0.43225,103,103,random,TINYIMAGENET,229,main_b1000_tinyimagenet_alexnet_RS_kp25_seed456,0.25,0.41145,False,0.25,alexnet,0.25,TINYIMAGENET_alexnet_RS_accuracy_kp2500_seed456,456,20000,229,42,accuracy,100456,0.41145,1,2.9655575030326844,21.307752706110477,10,2.9655575030326844,valid,0.4107017802690291,0.48200191732247966,0.41145000000000004,100456
RS,0.43225,103,103,random,TINYIMAGENET,230,main_b1000_tinyimagenet_alexnet_RS_kp25_seed456,0.25,0.40315,False,0.25,alexnet,0.25,TINYIMAGENET_alexnet_RS_accuracy_kp2500_seed456,456,20000,230,42,accuracy,100456,0.40315,1,2.9840935218811033,21.390227608382702,10,2.9840935218811033,valid,0.3988979134143512,0.4669127626287752,0.40314999999999995,100456
RS,0.43225,103,103,random,TINYIMAGENET,231,main_b1000_tinyimagenet_alexnet_RS_kp25_seed456,0.25,0.4151,False,0.25,alexnet,0.25,TINYIMAGENET_alexnet_RS_accuracy_kp2500_seed456,456,20000,231,42,accuracy,100456,0.4151,1,2.901290671300888,21.446573175489902,10,2.901290671300888,valid,0.41194942572030757,0.4779104819215844,0.4151,100456
RS,0.43225,103,103,random,TINYIMAGENET,232,main_b1000_tinyimagenet_alexnet_RS_kp25_seed456,0.25,0.41155,False,0.25,alexnet,0.25,TINYIMAGENET_alexnet_RS_accuracy_kp2500_seed456,456,20000,232,42,accuracy,100456,0.41155,1,2.94520489525795,21.30223861336708,10,2.94520489525795,valid,0.4056585536488119,0.47221761404960205,0.41155,100456
RS,0.43225,103,103,random,TINYIMAGENET,233,main_b1000_tinyimagenet_alexnet_RS_kp25_seed456,0.25,0.4142,False,0.25,alexnet,0.25,TINYIMAGENET_alexnet_RS_accuracy_kp2500_seed456,456,20000,233,42,accuracy,100456,0.4142,1,2.8986081480503083,21.390242993831635,10,2.8986081480503083,valid,0.4127070966328282,0.47745057938499413,0.4142,100456
RS,0.43225,103,103,random,TINYIMAGENET,234,main_b1000_tinyimagenet_alexnet_RS_kp25_seed456,0.25,0.4141,False,0.25,alexnet,0.25,TINYIMAGENET_alexnet_RS_accuracy_kp2500_seed456,456,20000,234,42,accuracy,100456,0.4141,1,2.9339353305339815,21.452644012868404,10,2.9339353305339815,valid,0.41270408476859716,0.4794257907412418,0.41409999999999997,100456
RS,0.43225,103,103,random,TINYIMAGENET,235,main_b1000_tinyimagenet_alexnet_RS_kp25_seed456,0.25,0.40725,False,0.25,alexnet,0.25,TINYIMAGENET_alexnet_RS_accuracy_kp2500_seed456,456,20000,235,42,accuracy,100456,0.40725,1,2.9706013656616213,21.297327168285847,10,2.9706013656616213,valid,0.4050694069151623,0.47394952657260814,0.40725,100456
RS,0.43225,103,103,random,TINYIMAGENET,236,main_b1000_tinyimagenet_alexnet_RS_kp25_seed456,0.25,0.40955,False,0.25,alexnet,0.25,TINYIMAGENET_alexnet_RS_accuracy_kp2500_seed456,456,20000,236,42,accuracy,100456,0.40955,1,2.977175490617752,21.480260394513607,10,2.977175490617752,valid,0.40768152905669597,0.48787805367657344,0.40954999999999997,100456
RS,0.43225,103,103,random,TINYIMAGENET,237,main_b1000_tinyimagenet_alexnet_RS_kp25_seed456,0.25,0.4118,False,0.25,alexnet,0.25,TINYIMAGENET_alexnet_RS_accuracy_kp2500_seed456,456,20000,237,42,accuracy,100456,0.4118,1,2.9157819623947145,21.888594329357147,10,2.9157819623947145,valid,0.40666457102556813,0.472780126862999,0.41180000000000005,100456
RS,0.43225,103,103,random,TINYIMAGENET,238,main_b1000_tinyimagenet_alexnet_RS_kp25_seed456,0.25,0.4095,False,0.25,alexnet,0.25,TINYIMAGENET_alexnet_RS_accuracy_kp2500_seed456,456,20000,238,42,accuracy,100456,0.4095,1,2.947075356531143,21.35437609255314,10,2.947075356531143,valid,0.4100666389580548,0.48455604942668984,0.40950000000000003,100456
RS,0.43225,103,103,random,TINYIMAGENET,239,main_b1000_tinyimagenet_alexnet_RS_kp25_seed456,0.25,0.4052,False,0.25,alexnet,0.25,TINYIMAGENET_alexnet_RS_accuracy_kp2500_seed456,456,20000,239,42,accuracy,100456,0.4052,1,2.9557323832035065,21.502681866288185,10,2.9557323832035065,valid,0.4020069075680204,0.4721402917762562,0.40519999999999995,100456
RS,0.43225,103,103,random,TINYIMAGENET,240,main_b1000_tinyimagenet_alexnet_RS_kp25_seed456,0.25,0.4286,False,0.25,alexnet,0.25,TINYIMAGENET_alexnet_RS_accuracy_kp2500_seed456,456,20000,240,42,accuracy,100456,0.4286,2,2.943359179496765,21.334950387477875,10,2.943359179496765,valid,0.42746858745089705,0.4772455119430796,0.4286,100456
RS,0.43225,103,103,random,TINYIMAGENET,241,main_b1000_tinyimagenet_alexnet_RS_kp25_seed456,0.25,0.40655,False,0.25,alexnet,0.25,TINYIMAGENET_alexnet_RS_accuracy_kp2500_seed456,456,20000,241,42,accuracy,100456,0.40655,1,2.952467975759506,21.432117886841297,10,2.952467975759506,valid,0.40546768861072807,0.4824514344420413,0.40655,100456
RS,0.43225,103,103,random,TINYIMAGENET,242,main_b1000_tinyimagenet_alexnet_RS_kp25_seed456,0.25,0.41035,False,0.25,alexnet,0.25,TINYIMAGENET_alexnet_RS_accuracy_kp2500_seed456,456,20000,242,42,accuracy,100456,0.41035,1,2.923913984298706,21.447719559073448,10,2.923913984298706,valid,0.4103212815615451,0.4762477830569179,0.41035000000000005,100456
RS,0.43225,103,103,random,TINYIMAGENET,243,main_b1000_tinyimagenet_alexnet_RS_kp25_seed456,0.25,0.40385,False,0.25,alexnet,0.25,TINYIMAGENET_alexnet_RS_accuracy_kp2500_seed456,456,20000,243,42,accuracy,100456,0.40385,1,2.9873806040763853,21.324189960956573,10,2.9873806040763853,valid,0.4058611884639025,0.48317266430330974,0.40385000000000004,100456
RS,0.43225,103,103,random,TINYIMAGENET,244,main_b1000_tinyimagenet_alexnet_RS_kp25_seed456,0.25,0.41075,False,0.25,alexnet,0.25,TINYIMAGENET_alexnet_RS_accuracy_kp2500_seed456,456,20000,244,42,accuracy,100456,0.41075,1,2.962760544395447,21.516095407307148,10,2.962760544395447,valid,0.402464236512799,0.4716637467101933,0.41075,100456
RS,0.43225,103,103,random,TINYIMAGENET,245,main_b1000_tinyimagenet_alexnet_RS_kp25_seed456,0.25,0.4061,False,0.25,alexnet,0.25,TINYIMAGENET_alexnet_RS_accuracy_kp2500_seed456,456,20000,245,42,accuracy,100456,0.4061,1,2.983364243936539,21.325901553034782,10,2.983364243936539,valid,0.40153574367110045,0.47501164613407043,0.4061,100456
RS,0.43225,103,103,random,TINYIMAGENET,246,main_b1000_tinyimagenet_alexnet_RS_kp25_seed456,0.25,0.39825,False,0.25,alexnet,0.25,TINYIMAGENET_alexnet_RS_accuracy_kp2500_seed456,456,20000,246,42,accuracy,100456,0.39825,1,3.008994348716736,21.327312119305134,10,3.008994348716736,valid,0.39528466816674906,0.46831792130049493,0.39825000000000005,100456
RS,0.43225,103,103,random,TINYIMAGENET,247,main_b1000_tinyimagenet_alexnet_RS_kp25_seed456,0.25,0.40705,False,0.25,alexnet,0.25,TINYIMAGENET_alexnet_RS_accuracy_kp2500_seed456,456,20000,247,42,accuracy,100456,0.40705,1,2.9560002695560454,21.46788500994444,10,2.9560002695560454,valid,0.40410147304566124,0.47913171616348793,0.40704999999999997,100456
RS,0.43225,103,103,random,TINYIMAGENET,248,main_b1000_tinyimagenet_alexnet_RS_kp25_seed456,0.25,0.4036,False,0.25,alexnet,0.25,TINYIMAGENET_alexnet_RS_accuracy_kp2500_seed456,456,20000,248,42,accuracy,100456,0.4036,1,2.9851193159103393,21.329900793731213,10,2.9851193159103393,valid,0.40012095564492145,0.4699196836115045,0.4036,100456
RS,0.43225,103,103,random,TINYIMAGENET,249,main_b1000_tinyimagenet_alexnet_RS_kp25_seed456,0.25,0.4061,False,0.25,alexnet,0.25,TINYIMAGENET_alexnet_RS_accuracy_kp2500_seed456,456,20000,249,42,accuracy,100456,0.4061,1,2.9151088659286497,21.337412536144257,10,2.9151088659286497,valid,0.4038914635915184,0.4656637826619591,0.4061,100456
RS,0.43225,103,103,random,TINYIMAGENET,250,main_b1000_tinyimagenet_alexnet_RS_kp25_seed456,0.25,0.41975,False,0.25,alexnet,0.25,TINYIMAGENET_alexnet_RS_accuracy_kp2500_seed456,456,20000,250,42,accuracy,100456,0.41975,2,2.98289247713089,21.49494192749262,10,2.98289247713089,valid,0.42037721393097555,0.47071166954796206,0.41975,100456
RS,0.43225,103,103,random,TINYIMAGENET,251,main_b1000_tinyimagenet_alexnet_RS_kp25_seed456,0.25,0.40975,False,0.25,alexnet,0.25,TINYIMAGENET_alexnet_RS_accuracy_kp2500_seed456,456,20000,251,42,accuracy,100456,0.40975,1,2.908778673315048,21.286910593509674,10,2.908778673315048,valid,0.4083655794859885,0.47447385818116217,0.40975,100456
RS,0.43225,103,103,random,TINYIMAGENET,252,main_b1000_tinyimagenet_alexnet_RS_kp25_seed456,0.25,0.41345,False,0.25,alexnet,0.25,TINYIMAGENET_alexnet_RS_accuracy_kp2500_seed456,456,20000,252,42,accuracy,100456,0.41345,1,2.9055384334087373,21.37462740391493,10,2.9055384334087373,valid,0.407995396416555,0.4675329824963013,0.41345,100456
RS,0.43225,103,103,random,TINYIMAGENET,253,main_b1000_tinyimagenet_alexnet_RS_kp25_seed456,0.25,0.40745,False,0.25,alexnet,0.25,TINYIMAGENET_alexnet_RS_accuracy_kp2500_seed456,456,20000,253,42,accuracy,100456,0.40745,1,2.9445903355121614,21.492319718003273,10,2.9445903355121614,valid,0.40600053923404156,0.4828749967781471,0.40745000000000003,100456
RS,0.43225,103,103,random,TINYIMAGENET,254,main_b1000_tinyimagenet_alexnet_RS_kp25_seed456,0.25,0.41825,False,0.25,alexnet,0.25,TINYIMAGENET_alexnet_RS_accuracy_kp2500_seed456,456,20000,254,42,accuracy,100456,0.41825,1,2.9179033051490784,21.271429538726807,10,2.9179033051490784,valid,0.4100401318162733,0.47334559940207577,0.41825,100456
RS,0.43225,103,103,random,TINYIMAGENET,255,main_b1000_tinyimagenet_alexnet_RS_kp25_seed456,0.25,0.4112,False,0.25,alexnet,0.25,TINYIMAGENET_alexnet_RS_accuracy_kp2500_seed456,456,20000,255,42,accuracy,100456,0.4112,1,2.9550307493209838,21.379095993936062,10,2.9550307493209838,valid,0.40885869305005684,0.4823086821739115,0.41119999999999995,100456
RS,0.43225,103,103,random,TINYIMAGENET,256,main_b1000_tinyimagenet_alexnet_RS_kp25_seed456,0.25,0.40625,False,0.25,alexnet,0.25,TINYIMAGENET_alexnet_RS_accuracy_kp2500_seed456,456,20000,256,42,accuracy,100456,0.40625,1,2.9651868906021117,21.451925955712795,10,2.9651868906021117,valid,0.4064452221197527,0.4768908343586313,0.40625,100456
RS,0.43225,103,103,random,TINYIMAGENET,257,main_b1000_tinyimagenet_alexnet_RS_kp25_seed456,0.25,0.41155,False,0.25,alexnet,0.25,TINYIMAGENET_alexnet_RS_accuracy_kp2500_seed456,456,20000,257,42,accuracy,100456,0.41155,1,2.945475995635986,21.330644831061363,10,2.945475995635986,valid,0.4038073836937026,0.46407688005571146,0.41155,100456
RS,0.43225,103,103,random,TINYIMAGENET,258,main_b1000_tinyimagenet_alexnet_RS_kp25_seed456,0.25,0.4041,False,0.25,alexnet,0.25,TINYIMAGENET_alexnet_RS_accuracy_kp2500_seed456,456,20000,258,42,accuracy,100456,0.4041,1,2.9611358794689178,21.430036820471287,10,2.9611358794689178,valid,0.40093766482529275,0.4777818401064352,0.40409999999999996,100456
RS,0.43225,103,103,random,TINYIMAGENET,259,main_b1000_tinyimagenet_alexnet_RS_kp25_seed456,0.25,0.4084,False,0.25,alexnet,0.25,TINYIMAGENET_alexnet_RS_accuracy_kp2500_seed456,456,20000,259,42,accuracy,100456,0.4084,1,2.945032887935638,21.41553147137165,10,2.945032887935638,valid,0.4052644964132306,0.48042268682432565,0.40840000000000004,100456
RS,0.43225,103,103,random,TINYIMAGENET,260,main_b1000_tinyimagenet_alexnet_RS_kp25_seed456,0.25,0.411,False,0.25,alexnet,0.25,TINYIMAGENET_alexnet_RS_accuracy_kp2500_seed456,456,20000,260,42,accuracy,100456,0.411,1,2.935607298517227,21.354581102728844,10,2.935607298517227,valid,0.40871539422399594,0.4766671392909567,0.4110000000000001,100456
RS,0.43225,103,103,random,TINYIMAGENET,261,main_b1000_tinyimagenet_alexnet_RS_kp25_seed456,0.25,0.4043,False,0.25,alexnet,0.25,TINYIMAGENET_alexnet_RS_accuracy_kp2500_seed456,456,20000,261,42,accuracy,100456,0.4043,1,2.9487178951740263,21.483346812427044,10,2.9487178951740263,valid,0.4030586018253734,0.47235650472593593,0.4043,100456
RS,0.43225,103,103,random,TINYIMAGENET,262,main_b1000_tinyimagenet_alexnet_RS_kp25_seed456,0.25,0.4205,False,0.25,alexnet,0.25,TINYIMAGENET_alexnet_RS_accuracy_kp2500_seed456,456,20000,262,42,accuracy,100456,0.4205,2,2.9864679134368894,21.345523215830326,10,2.9864679134368894,valid,0.4168940646234913,0.4671164474823948,0.4205,100456
RS,0.43225,103,103,random,TINYIMAGENET,263,main_b1000_tinyimagenet_alexnet_RS_kp25_seed456,0.25,0.40355,False,0.25,alexnet,0.25,TINYIMAGENET_alexnet_RS_accuracy_kp2500_seed456,456,20000,263,42,accuracy,100456,0.40355,1,2.9290294425487517,21.32006210833788,10,2.9290294425487517,valid,0.4011153582593866,0.4725577534065608,0.40355,100456
RS,0.43225,103,103,random,TINYIMAGENET,264,main_b1000_tinyimagenet_alexnet_RS_kp25_seed456,0.25,0.4034,False,0.25,alexnet,0.25,TINYIMAGENET_alexnet_RS_accuracy_kp2500_seed456,456,20000,264,42,accuracy,100456,0.4034,1,2.971981723642349,21.47779832035303,10,2.971981723642349,valid,0.40473602361720545,0.481059394311973,0.40340000000000004,100456
RS,0.43225,103,103,random,TINYIMAGENET,265,main_b1000_tinyimagenet_alexnet_RS_kp25_seed456,0.25,0.41445,False,0.25,alexnet,0.25,TINYIMAGENET_alexnet_RS_accuracy_kp2500_seed456,456,20000,265,42,accuracy,100456,0.41445,1,2.934275006532669,21.312990427017212,10,2.934275006532669,valid,0.4095499806433443,0.48147378717821,0.41445,100456
RS,0.43225,103,103,random,TINYIMAGENET,266,main_b1000_tinyimagenet_alexnet_RS_kp25_seed456,0.25,0.40245,False,0.25,alexnet,0.25,TINYIMAGENET_alexnet_RS_accuracy_kp2500_seed456,456,20000,266,42,accuracy,100456,0.40245,1,2.9553626192092897,21.346777945756912,10,2.9553626192092897,valid,0.39873064377798095,0.47224938886598666,0.40245000000000003,100456
RS,0.43225,103,103,random,TINYIMAGENET,267,main_b1000_tinyimagenet_alexnet_RS_kp25_seed456,0.25,0.4065,False,0.25,alexnet,0.25,TINYIMAGENET_alexnet_RS_accuracy_kp2500_seed456,456,20000,267,42,accuracy,100456,0.4065,1,2.983033271932602,21.497477531433105,10,2.983033271932602,valid,0.40646125111882225,0.47885951905340834,0.4065000000000001,100456
RS,0.43225,103,103,random,TINYIMAGENET,268,main_b1000_tinyimagenet_alexnet_RS_kp25_seed456,0.25,0.4022,False,0.25,alexnet,0.25,TINYIMAGENET_alexnet_RS_accuracy_kp2500_seed456,456,20000,268,42,accuracy,100456,0.4022,1,3.0108687370300293,21.301658913493156,10,3.0108687370300293,valid,0.40159547200187684,0.48296367234166404,0.4022,100456
RS,0.43225,103,103,random,TINYIMAGENET,269,main_b1000_tinyimagenet_alexnet_RS_kp25_seed456,0.25,0.41165,False,0.25,alexnet,0.25,TINYIMAGENET_alexnet_RS_accuracy_kp2500_seed456,456,20000,269,42,accuracy,100456,0.41165,1,2.9444735595703126,21.356453113257885,10,2.9444735595703126,valid,0.40919302970343824,0.4725262907960083,0.41165,100456
RS,0.43225,103,103,random,TINYIMAGENET,270,main_b1000_tinyimagenet_alexnet_RS_kp25_seed456,0.25,0.40865,False,0.25,alexnet,0.25,TINYIMAGENET_alexnet_RS_accuracy_kp2500_seed456,456,20000,270,42,accuracy,100456,0.40865,1,2.9543948215961455,21.472395978868008,10,2.9543948215961455,valid,0.4037265929184176,0.4767760379032066,0.40864999999999996,100456
RS,0.43225,103,103,random,TINYIMAGENET,271,main_b1000_tinyimagenet_alexnet_RS_kp25_seed456,0.25,0.4102,False,0.25,alexnet,0.25,TINYIMAGENET_alexnet_RS_accuracy_kp2500_seed456,456,20000,271,42,accuracy,100456,0.4102,1,2.917731950187683,21.321387887001038,10,2.917731950187683,valid,0.40588554418773576,0.47138362418720475,0.4102,100456
RS,0.43225,103,103,random,TINYIMAGENET,272,main_b1000_tinyimagenet_alexnet_RS_kp25_seed456,0.25,0.39145,False,0.25,alexnet,0.25,TINYIMAGENET_alexnet_RS_accuracy_kp2500_seed456,456,20000,272,42,accuracy,100456,0.39145,1,3.0474936712265013,21.466677621006966,10,3.0474936712265013,valid,0.3944292994413766,0.48113357924604727,0.39145,100456
RS,0.43225,103,103,random,TINYIMAGENET,273,main_b1000_tinyimagenet_alexnet_RS_kp25_seed456,0.25,0.4169,False,0.25,alexnet,0.25,TINYIMAGENET_alexnet_RS_accuracy_kp2500_seed456,456,20000,273,42,accuracy,100456,0.4169,2,3.0033567986488343,21.44692588597536,10,3.0033567986488343,valid,0.41168526943663797,0.462334651811219,0.4169,100456
RS,0.43225,103,103,random,TINYIMAGENET,274,main_b1000_tinyimagenet_alexnet_RS_kp25_seed456,0.25,0.4066,False,0.25,alexnet,0.25,TINYIMAGENET_alexnet_RS_accuracy_kp2500_seed456,456,20000,274,42,accuracy,100456,0.4066,1,2.974675631904602,21.352400295436382,10,2.974675631904602,valid,0.40209992389687294,0.4749037514895593,0.4066,100456
RS,0.43225,103,103,random,TINYIMAGENET,275,main_b1000_tinyimagenet_alexnet_RS_kp25_seed456,0.25,0.41025,False,0.25,alexnet,0.25,TINYIMAGENET_alexnet_RS_accuracy_kp2500_seed456,456,20000,275,42,accuracy,100456,0.41025,1,2.9832786915302276,21.413214318454266,10,2.9832786915302276,valid,0.40799513918152686,0.47730174118108026,0.41025,100456
RS,0.43225,103,103,random,TINYIMAGENET,276,main_b1000_tinyimagenet_alexnet_RS_kp25_seed456,0.25,0.40955,False,0.25,alexnet,0.25,TINYIMAGENET_alexnet_RS_accuracy_kp2500_seed456,456,20000,276,42,accuracy,100456,0.40955,1,2.9373328929424285,21.382277823984623,10,2.9373328929424285,valid,0.40883259085438195,0.4743465826210375,0.40954999999999997,100456
RS,0.43225,103,103,random,TINYIMAGENET,277,main_b1000_tinyimagenet_alexnet_RS_kp25_seed456,0.25,0.40905,False,0.25,alexnet,0.25,TINYIMAGENET_alexnet_RS_accuracy_kp2500_seed456,456,20000,277,42,accuracy,100456,0.40905,1,2.9724064717292786,21.341769970953465,10,2.9724064717292786,valid,0.40761045823920694,0.48789620027999836,0.40905,100456
RS,0.43225,103,103,random,TINYIMAGENET,278,main_b1000_tinyimagenet_alexnet_RS_kp25_seed456,0.25,0.4079,False,0.25,alexnet,0.25,TINYIMAGENET_alexnet_RS_accuracy_kp2500_seed456,456,20000,278,42,accuracy,100456,0.4079,1,2.9737718071222305,21.484311319887638,10,2.9737718071222305,valid,0.40413059312889643,0.47433025018766417,0.4079,100456
RS,0.43225,103,103,random,TINYIMAGENET,279,main_b1000_tinyimagenet_alexnet_RS_kp25_seed456,0.25,0.40805,False,0.25,alexnet,0.25,TINYIMAGENET_alexnet_RS_accuracy_kp2500_seed456,456,20000,279,42,accuracy,100456,0.40805,1,2.9394653182506563,21.359109558165073,10,2.9394653182506563,valid,0.40590680202895385,0.4820900051044329,0.40805,100456
RS,0.43225,103,103,random,TINYIMAGENET,280,main_b1000_tinyimagenet_alexnet_RS_kp25_seed456,0.25,0.4206,False,0.25,alexnet,0.25,TINYIMAGENET_alexnet_RS_accuracy_kp2500_seed456,456,20000,280,42,accuracy,100456,0.4206,1,2.893847850036621,21.4032147154212,10,2.893847850036621,valid,0.4144547794354522,0.4633772280012427,0.42060000000000003,100456
RS,0.43225,103,103,random,TINYIMAGENET,281,main_b1000_tinyimagenet_alexnet_RS_kp25_seed456,0.25,0.4077,False,0.25,alexnet,0.25,TINYIMAGENET_alexnet_RS_accuracy_kp2500_seed456,456,20000,281,42,accuracy,100456,0.4077,1,2.9140910166740417,21.54280613362789,10,2.9140910166740417,valid,0.4025260826550748,0.4674449075141698,0.40769999999999995,100456
RS,0.43225,103,103,random,TINYIMAGENET,282,main_b1000_tinyimagenet_alexnet_RS_kp25_seed456,0.25,0.4073,False,0.25,alexnet,0.25,TINYIMAGENET_alexnet_RS_accuracy_kp2500_seed456,456,20000,282,42,accuracy,100456,0.4073,1,2.952415839910507,21.32642663270235,10,2.952415839910507,valid,0.4049074279927447,0.4770195695075728,0.40730000000000005,100456
RS,0.43225,103,103,random,TINYIMAGENET,283,main_b1000_tinyimagenet_alexnet_RS_kp25_seed456,0.25,0.41525,False,0.25,alexnet,0.25,TINYIMAGENET_alexnet_RS_accuracy_kp2500_seed456,456,20000,283,42,accuracy,100456,0.41525,1,2.9329929116249085,21.426698938012123,10,2.9329929116249085,valid,0.4137308864707813,0.48189996748106495,0.41525000000000006,100456
RS,0.43225,103,103,random,TINYIMAGENET,284,main_b1000_tinyimagenet_alexnet_RS_kp25_seed456,0.25,0.41615,False,0.25,alexnet,0.25,TINYIMAGENET_alexnet_RS_accuracy_kp2500_seed456,456,20000,284,42,accuracy,100456,0.41615,1,2.8777378091335297,21.44351154565811,10,2.8777378091335297,valid,0.4108471651179523,0.46907861481291235,0.41614999999999996,100456
RS,0.43225,103,103,random,TINYIMAGENET,285,main_b1000_tinyimagenet_alexnet_RS_kp25_seed456,0.25,0.40915,False,0.25,alexnet,0.25,TINYIMAGENET_alexnet_RS_accuracy_kp2500_seed456,456,20000,285,42,accuracy,100456,0.40915,1,2.91957250289917,21.334517791867256,10,2.91957250289917,valid,0.4022437589193094,0.46151090503412534,0.40915000000000007,100456
RS,0.43225,103,103,random,TINYIMAGENET,286,main_b1000_tinyimagenet_alexnet_RS_kp25_seed456,0.25,0.4136,False,0.25,alexnet,0.25,TINYIMAGENET_alexnet_RS_accuracy_kp2500_seed456,456,20000,286,42,accuracy,100456,0.4136,1,2.9144971173286436,21.47704353183508,10,2.9144971173286436,valid,0.4086035919554115,0.46738637804304894,0.41359999999999997,100456
RS,0.43225,103,103,random,TINYIMAGENET,287,main_b1000_tinyimagenet_alexnet_RS_kp25_seed456,0.25,0.41795,False,0.25,alexnet,0.25,TINYIMAGENET_alexnet_RS_accuracy_kp2500_seed456,456,20000,287,42,accuracy,100456,0.41795,1,2.868934914255142,21.35800964385271,10,2.868934914255142,valid,0.4126727971204056,0.46765736329629876,0.41795000000000004,100456
RS,0.43225,103,103,random,TINYIMAGENET,288,main_b1000_tinyimagenet_alexnet_RS_kp25_seed456,0.25,0.40535,False,0.25,alexnet,0.25,TINYIMAGENET_alexnet_RS_accuracy_kp2500_seed456,456,20000,288,42,accuracy,100456,0.40535,1,2.9650165028095246,21.372445441782475,10,2.9650165028095246,valid,0.4022267168698852,0.48646225931762926,0.40535,100456
RS,0.43225,103,103,random,TINYIMAGENET,289,main_b1000_tinyimagenet_alexnet_RS_kp25_seed456,0.25,0.4175,False,0.25,alexnet,0.25,TINYIMAGENET_alexnet_RS_accuracy_kp2500_seed456,456,20000,289,42,accuracy,100456,0.4175,2,3.0219029563426973,21.520814768970013,10,3.0219029563426973,valid,0.4152240615575956,0.4701687574901361,0.4175,100456
RS,0.43225,103,103,random,TINYIMAGENET,290,main_b1000_tinyimagenet_alexnet_RS_kp25_seed456,0.25,0.414,False,0.25,alexnet,0.25,TINYIMAGENET_alexnet_RS_accuracy_kp2500_seed456,456,20000,290,42,accuracy,100456,0.414,2,2.9912118914604187,21.342421650886536,10,2.9912118914604187,valid,0.4161714096151219,0.47240217899408316,0.414,100456
RS,0.43225,103,103,random,TINYIMAGENET,291,main_b1000_tinyimagenet_alexnet_RS_kp25_seed456,0.25,0.4176,False,0.25,alexnet,0.25,TINYIMAGENET_alexnet_RS_accuracy_kp2500_seed456,456,20000,291,42,accuracy,100456,0.4176,1,2.912212718296051,21.440925925970078,10,2.912212718296051,valid,0.4141775113386532,0.47566811219516614,0.4176,100456
RS,0.43225,103,103,random,TINYIMAGENET,292,main_b1000_tinyimagenet_alexnet_RS_kp25_seed456,0.25,0.404,False,0.25,alexnet,0.25,TINYIMAGENET_alexnet_RS_accuracy_kp2500_seed456,456,20000,292,42,accuracy,100456,0.404,1,2.970655638885498,21.453732065856457,10,2.970655638885498,valid,0.40257668887302617,0.4819236814406196,0.40399999999999997,100456
RS,0.43225,103,103,random,TINYIMAGENET,293,main_b1000_tinyimagenet_alexnet_RS_kp25_seed456,0.25,0.41755,False,0.25,alexnet,0.25,TINYIMAGENET_alexnet_RS_accuracy_kp2500_seed456,456,20000,293,42,accuracy,100456,0.41755,2,2.9859546233177183,21.33319168537855,10,2.9859546233177183,valid,0.41903780281809916,0.47274390619231027,0.41755000000000003,100456
RS,0.43225,103,103,random,TINYIMAGENET,294,main_b1000_tinyimagenet_alexnet_RS_kp25_seed456,0.25,0.40205,False,0.25,alexnet,0.25,TINYIMAGENET_alexnet_RS_accuracy_kp2500_seed456,456,20000,294,42,accuracy,100456,0.40205,1,2.9661474932670595,21.4311670511961,10,2.9661474932670595,valid,0.40024301456526445,0.48325282352698695,0.40204999999999996,100456
RS,0.43225,103,103,random,TINYIMAGENET,295,main_b1000_tinyimagenet_alexnet_RS_kp25_seed456,0.25,0.4086,False,0.25,alexnet,0.25,TINYIMAGENET_alexnet_RS_accuracy_kp2500_seed456,456,20000,295,42,accuracy,100456,0.4086,1,2.921535067844391,21.47543526440859,10,2.921535067844391,valid,0.4046390483795052,0.4733306511005527,0.4086,100456
RS,0.43225,103,103,random,TINYIMAGENET,296,main_b1000_tinyimagenet_alexnet_RS_kp25_seed456,0.25,0.418,False,0.25,alexnet,0.25,TINYIMAGENET_alexnet_RS_accuracy_kp2500_seed456,456,20000,296,42,accuracy,100456,0.418,1,2.897320603275299,21.344629980623722,10,2.897320603275299,valid,0.4178954207647693,0.48665769435934975,0.418,100456
RS,0.43225,103,103,random,TINYIMAGENET,297,main_b1000_tinyimagenet_alexnet_RS_kp25_seed456,0.25,0.40655,False,0.25,alexnet,0.25,TINYIMAGENET_alexnet_RS_accuracy_kp2500_seed456,456,20000,297,42,accuracy,100456,0.40655,1,2.966214863586426,21.52228519320488,10,2.966214863586426,valid,0.40377411175055916,0.4761114323798587,0.40655,100456
RS,0.43225,103,103,random,TINYIMAGENET,298,main_b1000_tinyimagenet_alexnet_RS_kp25_seed456,0.25,0.4027,False,0.25,alexnet,0.25,TINYIMAGENET_alexnet_RS_accuracy_kp2500_seed456,456,20000,298,42,accuracy,100456,0.4027,1,2.9435382138729094,21.36456972360611,10,2.9435382138729094,valid,0.40146337384674474,0.4716149021467975,0.40269999999999995,100456
RS,0.43225,103,103,random,TINYIMAGENET,299,main_b1000_tinyimagenet_alexnet_RS_kp25_seed456,0.25,0.40825,False,0.25,alexnet,0.25,TINYIMAGENET_alexnet_RS_accuracy_kp2500_seed456,456,20000,299,42,accuracy,100456,0.40825,1,2.963950465774536,21.349732525646687,10,2.963950465774536,valid,0.401721738553171,0.4824354243536457,0.40824999999999995,100456
RS,0.43225,103,103,random,TINYIMAGENET,300,main_b1000_tinyimagenet_alexnet_RS_kp25_seed456,0.25,0.4114,False,0.25,alexnet,0.25,TINYIMAGENET_alexnet_RS_accuracy_kp2500_seed456,456,20000,300,42,accuracy,100456,0.4114,1,2.974077493047714,21.511857762932777,10,2.974077493047714,valid,0.40240454690589006,0.46971112429690065,0.4114,100456
RS,0.43225,103,103,random,TINYIMAGENET,301,main_b1000_tinyimagenet_alexnet_RS_kp25_seed456,0.25,0.4202,False,0.25,alexnet,0.25,TINYIMAGENET_alexnet_RS_accuracy_kp2500_seed456,456,20000,301,42,accuracy,100456,0.4202,2,2.9959354044914246,21.34465081989765,10,2.9959354044914246,valid,0.42123053732022486,0.46704677472622935,0.42019999999999996,100456
RS,0.43225,103,103,random,TINYIMAGENET,302,main_b1000_tinyimagenet_alexnet_RS_kp25_seed456,0.25,0.4228,False,0.25,alexnet,0.25,TINYIMAGENET_alexnet_RS_accuracy_kp2500_seed456,456,20000,302,42,accuracy,100456,0.4228,2,2.990264807319641,21.420582629740238,10,2.990264807319641,valid,0.4219455366526118,0.46917781165327344,0.4228,100456
RS,0.43225,103,103,random,TINYIMAGENET,303,main_b1000_tinyimagenet_alexnet_RS_kp25_seed456,0.25,0.40595,False,0.25,alexnet,0.25,TINYIMAGENET_alexnet_RS_accuracy_kp2500_seed456,456,20000,303,42,accuracy,100456,0.40595,1,3.0141128670692443,21.535943381488323,10,3.0141128670692443,valid,0.4048738254207963,0.4856082109646879,0.40595,100456
RS,0.43225,103,103,random,TINYIMAGENET,304,main_b1000_tinyimagenet_alexnet_RS_kp25_seed456,0.25,0.4146,False,0.25,alexnet,0.25,TINYIMAGENET_alexnet_RS_accuracy_kp2500_seed456,456,20000,304,42,accuracy,100456,0.4146,1,2.958555359315872,21.33670538663864,10,2.958555359315872,valid,0.40544191704296023,0.47859111365616863,0.4146,100456
RS,0.43225,103,103,random,TINYIMAGENET,305,main_b1000_tinyimagenet_alexnet_RS_kp25_seed456,0.25,0.40995,False,0.25,alexnet,0.25,TINYIMAGENET_alexnet_RS_accuracy_kp2500_seed456,456,20000,305,42,accuracy,100456,0.40995,1,2.9810891599178313,21.39111738651991,10,2.9810891599178313,valid,0.4082602224337417,0.48544416512772864,0.40995000000000004,100456
RS,0.43225,103,103,random,TINYIMAGENET,306,main_b1000_tinyimagenet_alexnet_RS_kp25_seed456,0.25,0.3992,False,0.25,alexnet,0.25,TINYIMAGENET_alexnet_RS_accuracy_kp2500_seed456,456,20000,306,42,accuracy,100456,0.3992,1,2.989487615442276,21.47451263666153,10,2.989487615442276,valid,0.39832319090871254,0.4841790247535057,0.3992,100456
RS,0.43225,103,103,random,TINYIMAGENET,307,main_b1000_tinyimagenet_alexnet_RS_kp25_seed456,0.25,0.41805,False,0.25,alexnet,0.25,TINYIMAGENET_alexnet_RS_accuracy_kp2500_seed456,456,20000,307,42,accuracy,100456,0.41805,1,2.8874397784233095,21.315704576671124,10,2.8874397784233095,valid,0.41621368687356514,0.4777731943226544,0.4180500000000001,100456
RS,0.43225,103,103,random,TINYIMAGENET,308,main_b1000_tinyimagenet_alexnet_RS_kp25_seed456,0.25,0.41995,False,0.25,alexnet,0.25,TINYIMAGENET_alexnet_RS_accuracy_kp2500_seed456,456,20000,308,42,accuracy,100456,0.41995,2,2.963269444656372,21.431958593428135,10,2.963269444656372,valid,0.4213470325066164,0.47381852573624955,0.41995000000000005,100456
RS,0.43225,103,103,random,TINYIMAGENET,309,main_b1000_tinyimagenet_alexnet_RS_kp25_seed456,0.25,0.41095,False,0.25,alexnet,0.25,TINYIMAGENET_alexnet_RS_accuracy_kp2500_seed456,456,20000,309,42,accuracy,100456,0.41095,1,2.9148653792381287,21.43961325287819,10,2.9148653792381287,valid,0.4084514012921238,0.4706288830258222,0.41095,100456
RS,0.43225,103,103,random,TINYIMAGENET,310,main_b1000_tinyimagenet_alexnet_RS_kp25_seed456,0.25,0.40325,False,0.25,alexnet,0.25,TINYIMAGENET_alexnet_RS_accuracy_kp2500_seed456,456,20000,310,42,accuracy,100456,0.40325,1,2.9559432221889494,21.36808020621538,10,2.9559432221889494,valid,0.40054382176252135,0.4767403921087173,0.40325000000000005,100456
RS,0.43225,103,103,random,TINYIMAGENET,311,main_b1000_tinyimagenet_alexnet_RS_kp25_seed456,0.25,0.42305,False,0.25,alexnet,0.25,TINYIMAGENET_alexnet_RS_accuracy_kp2500_seed456,456,20000,311,42,accuracy,100456,0.42305,2,2.9688598587036132,21.46454893052578,10,2.9688598587036132,valid,0.4256809363844345,0.47795430583484744,0.4230499999999999,100456
RS,0.43225,103,103,random,TINYIMAGENET,312,main_b1000_tinyimagenet_alexnet_RS_kp25_seed456,0.25,0.41225,False,0.25,alexnet,0.25,TINYIMAGENET_alexnet_RS_accuracy_kp2500_seed456,456,20000,312,42,accuracy,100456,0.41225,1,2.9141247136592865,20.985142916440964,10,2.9141247136592865,valid,0.40933095195812413,0.46790544895426606,0.41225,100456
RS,0.43225,103,103,random,TINYIMAGENET,313,main_b1000_tinyimagenet_alexnet_RS_kp25_seed456,0.25,0.40985,False,0.25,alexnet,0.25,TINYIMAGENET_alexnet_RS_accuracy_kp2500_seed456,456,20000,313,42,accuracy,100456,0.40985,1,2.964009188938141,17.15472573786974,10,2.964009188938141,valid,0.40789845556354726,0.47980088811489396,0.40985,100456
RS,0.43225,103,103,random,TINYIMAGENET,314,main_b1000_tinyimagenet_alexnet_RS_kp25_seed456,0.25,0.4045,False,0.25,alexnet,0.25,TINYIMAGENET_alexnet_RS_accuracy_kp2500_seed456,456,20000,314,42,accuracy,100456,0.4045,1,2.9775670449614524,17.15976270288229,10,2.9775670449614524,valid,0.3999718701135959,0.4760183573053588,0.4045,100456
RS,0.43225,103,103,random,TINYIMAGENET,315,main_b1000_tinyimagenet_alexnet_RS_kp25_seed456,0.25,0.4091,False,0.25,alexnet,0.25,TINYIMAGENET_alexnet_RS_accuracy_kp2500_seed456,456,20000,315,42,accuracy,100456,0.4091,1,2.9623172864913943,17.220671251416206,10,2.9623172864913943,valid,0.40484129619285647,0.46704199828858256,0.40909999999999996,100456
RS,0.43225,103,103,random,TINYIMAGENET,316,main_b1000_tinyimagenet_alexnet_RS_kp25_seed456,0.25,0.39985,False,0.25,alexnet,0.25,TINYIMAGENET_alexnet_RS_accuracy_kp2500_seed456,456,20000,316,42,accuracy,100456,0.39985,1,2.9756521695137024,17.128976322710514,10,2.9756521695137024,valid,0.3982098365430076,0.47466308596685686,0.39985,100456
RS,0.43225,103,103,random,TINYIMAGENET,317,main_b1000_tinyimagenet_alexnet_RS_kp25_seed456,0.25,0.4007,False,0.25,alexnet,0.25,TINYIMAGENET_alexnet_RS_accuracy_kp2500_seed456,456,20000,317,42,accuracy,100456,0.4007,1,2.9770423918247224,17.15813846886158,10,2.9770423918247224,valid,0.40061080630797974,0.47541592938437105,0.4007,100456
RS,0.43225,103,103,random,TINYIMAGENET,318,main_b1000_tinyimagenet_alexnet_RS_kp25_seed456,0.25,0.42925,False,0.25,alexnet,0.25,TINYIMAGENET_alexnet_RS_accuracy_kp2500_seed456,456,20000,318,42,accuracy,100456,0.42925,2,2.9420801983833313,17.198334097862244,10,2.9420801983833313,valid,0.4275230649347299,0.4709853512292469,0.42925,100456
RS,0.43225,103,103,random,TINYIMAGENET,319,main_b1000_tinyimagenet_alexnet_RS_kp25_seed456,0.25,0.4108,False,0.25,alexnet,0.25,TINYIMAGENET_alexnet_RS_accuracy_kp2500_seed456,456,20000,319,42,accuracy,100456,0.4108,1,2.9240247314453125,17.180351369082928,10,2.9240247314453125,valid,0.41044249422949575,0.4800951943575653,0.4108,100456
RS,0.43225,103,103,random,TINYIMAGENET,320,main_b1000_tinyimagenet_alexnet_RS_kp25_seed456,0.25,0.41385,False,0.25,alexnet,0.25,TINYIMAGENET_alexnet_RS_accuracy_kp2500_seed456,456,20000,320,42,accuracy,100456,0.41385,1,2.957734485578537,17.09716808050871,10,2.957734485578537,valid,0.4121363765679535,0.4871561552716668,0.41385,100456
RS,0.43225,103,103,random,TINYIMAGENET,321,main_b1000_tinyimagenet_alexnet_RS_kp25_seed456,0.25,0.4155,False,0.25,alexnet,0.25,TINYIMAGENET_alexnet_RS_accuracy_kp2500_seed456,456,20000,321,42,accuracy,100456,0.4155,2,2.983904409313202,17.13540229201317,10,2.983904409313202,valid,0.41458325722762157,0.46373122292453495,0.4155,100456
RS,0.43225,103,103,random,TINYIMAGENET,322,main_b1000_tinyimagenet_alexnet_RS_kp25_seed456,0.25,0.4121,False,0.25,alexnet,0.25,TINYIMAGENET_alexnet_RS_accuracy_kp2500_seed456,456,20000,322,42,accuracy,100456,0.4121,1,2.891204758358002,17.235208369791508,10,2.891204758358002,valid,0.4125152757126426,0.46904419441138345,0.4121,100456
RS,0.43225,103,103,random,TINYIMAGENET,323,main_b1000_tinyimagenet_alexnet_RS_kp25_seed456,0.25,0.4159,False,0.25,alexnet,0.25,TINYIMAGENET_alexnet_RS_accuracy_kp2500_seed456,456,20000,323,42,accuracy,100456,0.4159,2,2.9761989916801452,17.106323026120663,10,2.9761989916801452,valid,0.41689160752344323,0.4717928257555189,0.41590000000000005,100456
RS,0.43225,103,103,random,TINYIMAGENET,324,main_b1000_tinyimagenet_alexnet_RS_kp25_seed456,0.25,0.4071,False,0.25,alexnet,0.25,TINYIMAGENET_alexnet_RS_accuracy_kp2500_seed456,456,20000,324,42,accuracy,100456,0.4071,1,2.9675047533273697,17.180381283164024,10,2.9675047533273697,valid,0.404178503403663,0.4798922573683757,0.4071,100456
RS,0.43225,103,103,random,TINYIMAGENET,325,main_b1000_tinyimagenet_alexnet_RS_kp25_seed456,0.25,0.40325,False,0.25,alexnet,0.25,TINYIMAGENET_alexnet_RS_accuracy_kp2500_seed456,456,20000,325,42,accuracy,100456,0.40325,1,2.974687770652771,17.251878030598164,10,2.974687770652771,valid,0.4009965352387303,0.476641626322983,0.40325000000000005,100456
RS,0.43225,103,103,random,TINYIMAGENET,326,main_b1000_tinyimagenet_alexnet_RS_kp25_seed456,0.25,0.4222,False,0.25,alexnet,0.25,TINYIMAGENET_alexnet_RS_accuracy_kp2500_seed456,456,20000,326,42,accuracy,100456,0.4222,2,3.0295328656673433,17.165606528520584,10,3.0295328656673433,valid,0.4231058811933272,0.4768655672698726,0.42219999999999996,100456
RS,0.43225,103,103,random,TINYIMAGENET,327,main_b1000_tinyimagenet_alexnet_RS_kp25_seed456,0.25,0.4078,False,0.25,alexnet,0.25,TINYIMAGENET_alexnet_RS_accuracy_kp2500_seed456,456,20000,327,42,accuracy,100456,0.4078,1,3.012860531806946,17.16026582568884,10,3.012860531806946,valid,0.40481368917348076,0.4870608602978026,0.4078,100456
RS,0.43225,103,103,random,TINYIMAGENET,328,main_b1000_tinyimagenet_alexnet_RS_kp25_seed456,0.25,0.41015,False,0.25,alexnet,0.25,TINYIMAGENET_alexnet_RS_accuracy_kp2500_seed456,456,20000,328,42,accuracy,100456,0.41015,1,2.8871417510271074,17.192334420979023,10,2.8871417510271074,valid,0.40776339154687363,0.4696014241973613,0.41015,100456
RS,0.43225,103,103,random,TINYIMAGENET,329,main_b1000_tinyimagenet_alexnet_RS_kp25_seed456,0.25,0.41445,False,0.25,alexnet,0.25,TINYIMAGENET_alexnet_RS_accuracy_kp2500_seed456,456,20000,329,42,accuracy,100456,0.41445,1,2.9276535991191865,17.223525881767273,10,2.9276535991191865,valid,0.4108703244115247,0.47783503606050104,0.41445,100456
RS,0.43225,103,103,random,TINYIMAGENET,330,main_b1000_tinyimagenet_alexnet_RS_kp25_seed456,0.25,0.40435,False,0.25,alexnet,0.25,TINYIMAGENET_alexnet_RS_accuracy_kp2500_seed456,456,20000,330,42,accuracy,100456,0.40435,1,2.9566352303266523,17.10717049241066,10,2.9566352303266523,valid,0.40446640645233245,0.4776924676531349,0.40435000000000004,100456
RS,0.43225,103,103,random,TINYIMAGENET,331,main_b1000_tinyimagenet_alexnet_RS_kp25_seed456,0.25,0.39915,False,0.25,alexnet,0.25,TINYIMAGENET_alexnet_RS_accuracy_kp2500_seed456,456,20000,331,42,accuracy,100456,0.39915,1,2.976025240659714,17.12230536341667,10,2.976025240659714,valid,0.4002048154159886,0.4810238359037142,0.39915,100456
RS,0.43225,103,103,random,TINYIMAGENET,332,main_b1000_tinyimagenet_alexnet_RS_kp25_seed456,0.25,0.42485,False,0.25,alexnet,0.25,TINYIMAGENET_alexnet_RS_accuracy_kp2500_seed456,456,20000,332,42,accuracy,100456,0.42485,2,2.9617638503551484,17.28816267848015,10,2.9617638503551484,valid,0.4213371304183858,0.46497891436953437,0.42485,100456
RS,0.43225,103,103,random,TINYIMAGENET,333,main_b1000_tinyimagenet_alexnet_RS_kp25_seed456,0.25,0.4097,False,0.25,alexnet,0.25,TINYIMAGENET_alexnet_RS_accuracy_kp2500_seed456,456,20000,333,42,accuracy,100456,0.4097,1,2.935719176673889,17.131889052689075,10,2.935719176673889,valid,0.40559623165926423,0.47077638519916676,0.4097,100456
RS,0.43225,103,103,random,TINYIMAGENET,334,main_b1000_tinyimagenet_alexnet_RS_kp25_seed456,0.25,0.401,False,0.25,alexnet,0.25,TINYIMAGENET_alexnet_RS_accuracy_kp2500_seed456,456,20000,334,42,accuracy,100456,0.401,1,3.030258926534653,17.144027695059776,10,3.030258926534653,valid,0.39836179355067786,0.4826745652627588,0.401,100456
RS,0.43225,103,103,random,TINYIMAGENET,335,main_b1000_tinyimagenet_alexnet_RS_kp25_seed456,0.25,0.40775,False,0.25,alexnet,0.25,TINYIMAGENET_alexnet_RS_accuracy_kp2500_seed456,456,20000,335,42,accuracy,100456,0.40775,1,2.961562581348419,17.183670178055763,10,2.961562581348419,valid,0.4064405485730231,0.47695236491490983,0.40775000000000006,100456
RS,0.43225,103,103,random,TINYIMAGENET,336,main_b1000_tinyimagenet_alexnet_RS_kp25_seed456,0.25,0.4007,False,0.25,alexnet,0.25,TINYIMAGENET_alexnet_RS_accuracy_kp2500_seed456,456,20000,336,42,accuracy,100456,0.4007,1,2.987805071926117,17.26964747160673,10,2.987805071926117,valid,0.4015037571771549,0.47678383389830487,0.4007,100456
RS,0.43225,103,103,random,TINYIMAGENET,337,main_b1000_tinyimagenet_alexnet_RS_kp25_seed456,0.25,0.4074,False,0.25,alexnet,0.25,TINYIMAGENET_alexnet_RS_accuracy_kp2500_seed456,456,20000,337,42,accuracy,100456,0.4074,1,2.9913807787895204,17.09038182348013,10,2.9913807787895204,valid,0.4052316488464436,0.47336602618461154,0.40739999999999993,100456
RS,0.43225,103,103,random,TINYIMAGENET,338,main_b1000_tinyimagenet_alexnet_RS_kp25_seed456,0.25,0.407,False,0.25,alexnet,0.25,TINYIMAGENET_alexnet_RS_accuracy_kp2500_seed456,456,20000,338,42,accuracy,100456,0.407,1,2.9421171034812925,17.13529831916094,10,2.9421171034812925,valid,0.4019897184867597,0.46326169176589416,0.40700000000000003,100456
RS,0.43225,103,103,random,TINYIMAGENET,339,main_b1000_tinyimagenet_alexnet_RS_kp25_seed456,0.25,0.407,False,0.25,alexnet,0.25,TINYIMAGENET_alexnet_RS_accuracy_kp2500_seed456,456,20000,339,42,accuracy,100456,0.407,1,2.9942777208566667,17.243103548884392,10,2.9942777208566667,valid,0.3989281408225311,0.48055277849252703,0.40700000000000003,100456
RS,0.43225,103,103,random,TINYIMAGENET,340,main_b1000_tinyimagenet_alexnet_RS_kp25_seed456,0.25,0.40905,False,0.25,alexnet,0.25,TINYIMAGENET_alexnet_RS_accuracy_kp2500_seed456,456,20000,340,42,accuracy,100456,0.40905,1,2.9528223057746885,17.161657951772213,10,2.9528223057746885,valid,0.40608586458586243,0.4712377397983798,0.40905,100456
RS,0.43225,103,103,random,TINYIMAGENET,341,main_b1000_tinyimagenet_alexnet_RS_kp25_seed456,0.25,0.41935,False,0.25,alexnet,0.25,TINYIMAGENET_alexnet_RS_accuracy_kp2500_seed456,456,20000,341,42,accuracy,100456,0.41935,1,2.8488472350120544,17.163371346890926,10,2.8488472350120544,valid,0.41433669000885415,0.466311229830864,0.41935,100456
RS,0.43225,103,103,random,TINYIMAGENET,342,main_b1000_tinyimagenet_alexnet_RS_kp25_seed456,0.25,0.4078,False,0.25,alexnet,0.25,TINYIMAGENET_alexnet_RS_accuracy_kp2500_seed456,456,20000,342,42,accuracy,100456,0.4078,1,2.9711180701255797,17.2144635617733,10,2.9711180701255797,valid,0.40557155823267466,0.4763336278318182,0.4078,100456
RS,0.43225,103,103,random,TINYIMAGENET,343,main_b1000_tinyimagenet_alexnet_RS_kp25_seed456,0.25,0.41435,False,0.25,alexnet,0.25,TINYIMAGENET_alexnet_RS_accuracy_kp2500_seed456,456,20000,343,42,accuracy,100456,0.41435,1,2.9197415308952333,17.2489055916667,10,2.9197415308952333,valid,0.4107071090157977,0.47946020034837117,0.41435,100456
RS,0.43225,103,103,random,TINYIMAGENET,344,main_b1000_tinyimagenet_alexnet_RS_kp25_seed456,0.25,0.4033,False,0.25,alexnet,0.25,TINYIMAGENET_alexnet_RS_accuracy_kp2500_seed456,456,20000,344,42,accuracy,100456,0.4033,1,3.008851736211777,17.105516962707043,10,3.008851736211777,valid,0.39863411526828335,0.47527950708040784,0.4033,100456
RS,0.43225,103,103,random,TINYIMAGENET,345,main_b1000_tinyimagenet_alexnet_RS_kp25_seed456,0.25,0.40875,False,0.25,alexnet,0.25,TINYIMAGENET_alexnet_RS_accuracy_kp2500_seed456,456,20000,345,42,accuracy,100456,0.40875,1,2.9481330875396727,17.145879827439785,10,2.9481330875396727,valid,0.4061584783247777,0.47527966563007085,0.40875,100456
RS,0.43225,103,103,random,TINYIMAGENET,346,main_b1000_tinyimagenet_alexnet_RS_kp25_seed456,0.25,0.4106,False,0.25,alexnet,0.25,TINYIMAGENET_alexnet_RS_accuracy_kp2500_seed456,456,20000,346,42,accuracy,100456,0.4106,1,2.989333343076706,17.245176166296005,10,2.989333343076706,valid,0.40848006218334343,0.4860383897739724,0.4106,100456
RS,0.43225,103,103,random,TINYIMAGENET,347,main_b1000_tinyimagenet_alexnet_RS_kp25_seed456,0.25,0.40925,False,0.25,alexnet,0.25,TINYIMAGENET_alexnet_RS_accuracy_kp2500_seed456,456,20000,347,42,accuracy,100456,0.40925,1,2.9378838809967043,17.185088329017162,10,2.9378838809967043,valid,0.40869289870847614,0.47862895514003756,0.40924999999999995,100456
RS,0.43225,103,103,random,TINYIMAGENET,348,main_b1000_tinyimagenet_alexnet_RS_kp25_seed456,0.25,0.41305,False,0.25,alexnet,0.25,TINYIMAGENET_alexnet_RS_accuracy_kp2500_seed456,456,20000,348,42,accuracy,100456,0.41305,1,2.9318024931907654,17.120313063263893,10,2.9318024931907654,valid,0.4094559732909006,0.47924802732451127,0.41305,100456
RS,0.43225,103,103,random,TINYIMAGENET,349,main_b1000_tinyimagenet_alexnet_RS_kp25_seed456,0.25,0.40335,False,0.25,alexnet,0.25,TINYIMAGENET_alexnet_RS_accuracy_kp2500_seed456,456,20000,349,42,accuracy,100456,0.40335,1,2.9904498197078704,17.17259644716978,10,2.9904498197078704,valid,0.40160135534215124,0.4712037252350482,0.40335,100456
RS,0.43225,103,103,random,TINYIMAGENET,350,main_b1000_tinyimagenet_alexnet_RS_kp25_seed456,0.25,0.4098,False,0.25,alexnet,0.25,TINYIMAGENET_alexnet_RS_accuracy_kp2500_seed456,456,20000,350,42,accuracy,100456,0.4098,1,2.9437484753608705,17.26331590861082,10,2.9437484753608705,valid,0.40265274805044576,0.46887882059049646,0.40980000000000005,100456
RS,0.43225,103,103,random,TINYIMAGENET,351,main_b1000_tinyimagenet_alexnet_RS_kp25_seed456,0.25,0.4107,False,0.25,alexnet,0.25,TINYIMAGENET_alexnet_RS_accuracy_kp2500_seed456,456,20000,351,42,accuracy,100456,0.4107,1,2.92242241563797,17.10140460729599,10,2.92242241563797,valid,0.4079529835785597,0.4795561044169411,0.41070000000000007,100456
RS,0.43225,103,103,random,TINYIMAGENET,352,main_b1000_tinyimagenet_alexnet_RS_kp25_seed456,0.25,0.39985,False,0.25,alexnet,0.25,TINYIMAGENET_alexnet_RS_accuracy_kp2500_seed456,456,20000,352,42,accuracy,100456,0.39985,1,2.9789268287658692,17.167387254536152,10,2.9789268287658692,valid,0.3958748129050978,0.4727746968813787,0.39985,100456
RS,0.43225,103,103,random,TINYIMAGENET,353,main_b1000_tinyimagenet_alexnet_RS_kp25_seed456,0.25,0.411,False,0.25,alexnet,0.25,TINYIMAGENET_alexnet_RS_accuracy_kp2500_seed456,456,20000,353,42,accuracy,100456,0.411,1,2.901031921815872,17.21248635649681,10,2.901031921815872,valid,0.4090093789073542,0.4698721880027427,0.4110000000000001,100456
RS,0.43225,103,103,random,TINYIMAGENET,354,main_b1000_tinyimagenet_alexnet_RS_kp25_seed456,0.25,0.40755,False,0.25,alexnet,0.25,TINYIMAGENET_alexnet_RS_accuracy_kp2500_seed456,456,20000,354,42,accuracy,100456,0.40755,1,2.9433102327346803,17.175102896988392,10,2.9433102327346803,valid,0.40800084758143057,0.4676648992206567,0.40755,100456
RS,0.43225,103,103,random,TINYIMAGENET,355,main_b1000_tinyimagenet_alexnet_RS_kp25_seed456,0.25,0.4105,False,0.25,alexnet,0.25,TINYIMAGENET_alexnet_RS_accuracy_kp2500_seed456,456,20000,355,42,accuracy,100456,0.4105,1,2.9381900274276735,17.15817815810442,10,2.9381900274276735,valid,0.40704785757425455,0.48065190431298377,0.41050000000000003,100456
RS,0.43225,103,103,random,TINYIMAGENET,356,main_b1000_tinyimagenet_alexnet_RS_kp25_seed456,0.25,0.4054,False,0.25,alexnet,0.25,TINYIMAGENET_alexnet_RS_accuracy_kp2500_seed456,456,20000,356,42,accuracy,100456,0.4054,1,2.979903935813904,17.15105991065502,10,2.979903935813904,valid,0.40272288775586323,0.4778909806420003,0.4054,100456
RS,0.43225,103,103,random,TINYIMAGENET,357,main_b1000_tinyimagenet_alexnet_RS_kp25_seed456,0.25,0.4117,False,0.25,alexnet,0.25,TINYIMAGENET_alexnet_RS_accuracy_kp2500_seed456,456,20000,357,42,accuracy,100456,0.4117,1,2.935852016067505,17.25533276796341,10,2.935852016067505,valid,0.4095491855013765,0.48084846365125733,0.4117,100456
RS,0.43225,103,103,random,TINYIMAGENET,358,main_b1000_tinyimagenet_alexnet_RS_kp25_seed456,0.25,0.42235,False,0.25,alexnet,0.25,TINYIMAGENET_alexnet_RS_accuracy_kp2500_seed456,456,20000,358,42,accuracy,100456,0.42235,2,2.9921694910526275,17.12217690050602,10,2.9921694910526275,valid,0.41964942720360293,0.46411426609963635,0.42235,100456
RS,0.43225,103,103,random,TINYIMAGENET,359,main_b1000_tinyimagenet_alexnet_RS_kp25_seed456,0.25,0.4193,False,0.25,alexnet,0.25,TINYIMAGENET_alexnet_RS_accuracy_kp2500_seed456,456,20000,359,42,accuracy,100456,0.4193,2,2.99267994184494,17.305363304913044,10,2.99267994184494,valid,0.4191614884986704,0.4630096651009286,0.4193,100456
RS,0.43225,103,103,random,TINYIMAGENET,360,main_b1000_tinyimagenet_alexnet_RS_kp25_seed456,0.25,0.41225,False,0.25,alexnet,0.25,TINYIMAGENET_alexnet_RS_accuracy_kp2500_seed456,456,20000,360,42,accuracy,100456,0.41225,1,2.925677788066864,17.168287232518196,10,2.925677788066864,valid,0.40539564519779403,0.4700133234507633,0.41225,100456
RS,0.43225,103,103,random,TINYIMAGENET,361,main_b1000_tinyimagenet_alexnet_RS_kp25_seed456,0.25,0.4098,False,0.25,alexnet,0.25,TINYIMAGENET_alexnet_RS_accuracy_kp2500_seed456,456,20000,361,42,accuracy,100456,0.4098,1,2.937650206255913,17.227090790867805,10,2.937650206255913,valid,0.40789128449077167,0.4758246500094488,0.40980000000000005,100456
RS,0.43225,103,103,random,TINYIMAGENET,362,main_b1000_tinyimagenet_alexnet_RS_kp25_seed456,0.25,0.404,False,0.25,alexnet,0.25,TINYIMAGENET_alexnet_RS_accuracy_kp2500_seed456,456,20000,362,42,accuracy,100456,0.404,1,2.9909897570610045,17.10602182894945,10,2.9909897570610045,valid,0.4033515127092804,0.4838428418281846,0.4040000000000001,100456
RS,0.43225,103,103,random,TINYIMAGENET,363,main_b1000_tinyimagenet_alexnet_RS_kp25_seed456,0.25,0.4121,False,0.25,alexnet,0.25,TINYIMAGENET_alexnet_RS_accuracy_kp2500_seed456,456,20000,363,42,accuracy,100456,0.4121,1,2.9602613100051878,17.14605876803398,10,2.9602613100051878,valid,0.40799632931151886,0.4789657539767198,0.4121,100456
RS,0.43225,103,103,random,TINYIMAGENET,364,main_b1000_tinyimagenet_alexnet_RS_kp25_seed456,0.25,0.41235,False,0.25,alexnet,0.25,TINYIMAGENET_alexnet_RS_accuracy_kp2500_seed456,456,20000,364,42,accuracy,100456,0.41235,1,2.977116402864456,17.24368067830801,10,2.977116402864456,valid,0.4092556291218115,0.4833446737778129,0.41235,100456
RS,0.43225,103,103,random,TINYIMAGENET,365,main_b1000_tinyimagenet_alexnet_RS_kp25_seed456,0.25,0.4111,False,0.25,alexnet,0.25,TINYIMAGENET_alexnet_RS_accuracy_kp2500_seed456,456,20000,365,42,accuracy,100456,0.4111,1,2.9393616759300234,17.151506565511227,10,2.9393616759300234,valid,0.4077842018943552,0.4719628159780804,0.4111,100456
RS,0.43225,103,103,random,TINYIMAGENET,366,main_b1000_tinyimagenet_alexnet_RS_kp25_seed456,0.25,0.40595,False,0.25,alexnet,0.25,TINYIMAGENET_alexnet_RS_accuracy_kp2500_seed456,456,20000,366,42,accuracy,100456,0.40595,1,2.9496248527526854,17.4863338842988,10,2.9496248527526854,valid,0.4044244556086969,0.47909960922544487,0.40595,100456
RS,0.43225,103,103,random,TINYIMAGENET,367,main_b1000_tinyimagenet_alexnet_RS_kp25_seed456,0.25,0.4085,False,0.25,alexnet,0.25,TINYIMAGENET_alexnet_RS_accuracy_kp2500_seed456,456,20000,367,42,accuracy,100456,0.4085,1,2.9310387676239014,18.176891788840294,10,2.9310387676239014,valid,0.4058907782888304,0.4680474597216485,0.40850000000000003,100456
RS,0.43225,103,103,random,TINYIMAGENET,368,main_b1000_tinyimagenet_alexnet_RS_kp25_seed456,0.25,0.41385,False,0.25,alexnet,0.25,TINYIMAGENET_alexnet_RS_accuracy_kp2500_seed456,456,20000,368,42,accuracy,100456,0.41385,1,2.9304533932685852,17.246082082390785,10,2.9304533932685852,valid,0.41178823028959244,0.48012306250424497,0.41385000000000005,100456
RS,0.43225,103,103,random,TINYIMAGENET,369,main_b1000_tinyimagenet_alexnet_RS_kp25_seed456,0.25,0.41435,False,0.25,alexnet,0.25,TINYIMAGENET_alexnet_RS_accuracy_kp2500_seed456,456,20000,369,42,accuracy,100456,0.41435,1,2.9217192594528196,17.162496842443943,10,2.9217192594528196,valid,0.4082696079082957,0.4726910936120066,0.41435,100456
RS,0.43225,103,103,random,TINYIMAGENET,370,main_b1000_tinyimagenet_alexnet_RS_kp25_seed456,0.25,0.40875,False,0.25,alexnet,0.25,TINYIMAGENET_alexnet_RS_accuracy_kp2500_seed456,456,20000,370,42,accuracy,100456,0.40875,1,2.927600968837738,17.1170561760664,10,2.927600968837738,valid,0.40819763285124055,0.46845844696796446,0.40875,100456
RS,0.43225,103,103,random,TINYIMAGENET,371,main_b1000_tinyimagenet_alexnet_RS_kp25_seed456,0.25,0.40845,False,0.25,alexnet,0.25,TINYIMAGENET_alexnet_RS_accuracy_kp2500_seed456,456,20000,371,42,accuracy,100456,0.40845,1,2.9613704855918885,17.240142583847046,10,2.9613704855918885,valid,0.4067385026430978,0.4775667212746213,0.40845,100456
RS,0.43225,103,103,random,TINYIMAGENET,372,main_b1000_tinyimagenet_alexnet_RS_kp25_seed456,0.25,0.41235,False,0.25,alexnet,0.25,TINYIMAGENET_alexnet_RS_accuracy_kp2500_seed456,456,20000,372,42,accuracy,100456,0.41235,1,2.944731447982788,17.17445719987154,10,2.944731447982788,valid,0.40675262462968065,0.47859321408689426,0.41235,100456
RS,0.43225,103,103,random,TINYIMAGENET,373,main_b1000_tinyimagenet_alexnet_RS_kp25_seed456,0.25,0.4251,False,0.25,alexnet,0.25,TINYIMAGENET_alexnet_RS_accuracy_kp2500_seed456,456,20000,373,42,accuracy,100456,0.4251,2,2.9899473749160768,17.224096953868866,10,2.9899473749160768,valid,0.4239322862745498,0.4736281019681012,0.4251,100456
RS,0.43225,103,103,random,TINYIMAGENET,374,main_b1000_tinyimagenet_alexnet_RS_kp25_seed456,0.25,0.4236,False,0.25,alexnet,0.25,TINYIMAGENET_alexnet_RS_accuracy_kp2500_seed456,456,20000,374,42,accuracy,100456,0.4236,2,2.9421754073619844,17.136430881917477,10,2.9421754073619844,valid,0.4210427691313497,0.461922726606551,0.4236,100456
RS,0.43225,103,103,random,TINYIMAGENET,375,main_b1000_tinyimagenet_alexnet_RS_kp25_seed456,0.25,0.40945,False,0.25,alexnet,0.25,TINYIMAGENET_alexnet_RS_accuracy_kp2500_seed456,456,20000,375,42,accuracy,100456,0.40945,1,2.936249960422516,17.242411896586418,10,2.936249960422516,valid,0.4013148875192709,0.46134964860357514,0.40945,100456
RS,0.43225,103,103,random,TINYIMAGENET,376,main_b1000_tinyimagenet_alexnet_RS_kp25_seed456,0.25,0.418,False,0.25,alexnet,0.25,TINYIMAGENET_alexnet_RS_accuracy_kp2500_seed456,456,20000,376,42,accuracy,100456,0.418,2,2.996969859790802,17.126600608229637,10,2.996969859790802,valid,0.41733583260143425,0.47123580101700796,0.418,100456
RS,0.43225,103,103,random,TINYIMAGENET,377,main_b1000_tinyimagenet_alexnet_RS_kp25_seed456,0.25,0.40755,False,0.25,alexnet,0.25,TINYIMAGENET_alexnet_RS_accuracy_kp2500_seed456,456,20000,377,42,accuracy,100456,0.40755,1,2.9833109213352205,17.160095043480396,10,2.9833109213352205,valid,0.4048572016274601,0.47750409218484535,0.40754999999999997,100456
RS,0.43225,103,103,random,TINYIMAGENET,378,main_b1000_tinyimagenet_alexnet_RS_kp25_seed456,0.25,0.40865,False,0.25,alexnet,0.25,TINYIMAGENET_alexnet_RS_accuracy_kp2500_seed456,456,20000,378,42,accuracy,100456,0.40865,1,2.9811047054767608,17.23282788693905,10,2.9811047054767608,valid,0.40505230167712086,0.4770557564142203,0.40865,100456
RS,0.43225,103,103,random,TINYIMAGENET,379,main_b1000_tinyimagenet_alexnet_RS_kp25_seed456,0.25,0.40715,False,0.25,alexnet,0.25,TINYIMAGENET_alexnet_RS_accuracy_kp2500_seed456,456,20000,379,42,accuracy,100456,0.40715,1,2.9924837484121323,17.14545763283968,10,2.9924837484121323,valid,0.40380680791663137,0.4856229322172133,0.40715,100456
RS,0.43225,103,103,random,TINYIMAGENET,380,main_b1000_tinyimagenet_alexnet_RS_kp25_seed456,0.25,0.42195,False,0.25,alexnet,0.25,TINYIMAGENET_alexnet_RS_accuracy_kp2500_seed456,456,20000,380,42,accuracy,100456,0.42195,2,2.9937425196170806,17.206443138420582,10,2.9937425196170806,valid,0.4192665805981889,0.4694195820427191,0.42195,100456
RS,0.43225,103,103,random,TINYIMAGENET,381,main_b1000_tinyimagenet_alexnet_RS_kp25_seed456,0.25,0.4031,False,0.25,alexnet,0.25,TINYIMAGENET_alexnet_RS_accuracy_kp2500_seed456,456,20000,381,42,accuracy,100456,0.4031,1,2.9838913640022278,17.138277046382427,10,2.9838913640022278,valid,0.40509189249104494,0.48656828279567976,0.4031,100456
RS,0.43225,103,103,random,TINYIMAGENET,382,main_b1000_tinyimagenet_alexnet_RS_kp25_seed456,0.25,0.40835,False,0.25,alexnet,0.25,TINYIMAGENET_alexnet_RS_accuracy_kp2500_seed456,456,20000,382,42,accuracy,100456,0.40835,1,2.9661495613813402,17.264815531671047,10,2.9661495613813402,valid,0.4055146021668209,0.47141024114328817,0.40835,100456
RS,0.43225,103,103,random,TINYIMAGENET,383,main_b1000_tinyimagenet_alexnet_RS_kp25_seed456,0.25,0.4215,False,0.25,alexnet,0.25,TINYIMAGENET_alexnet_RS_accuracy_kp2500_seed456,456,20000,383,42,accuracy,100456,0.4215,2,2.9613172729492185,17.093825601041317,10,2.9613172729492185,valid,0.4215134869972519,0.4703650950784528,0.4215,100456
RS,0.43225,103,103,random,TINYIMAGENET,384,main_b1000_tinyimagenet_alexnet_RS_kp25_seed456,0.25,0.41875,False,0.25,alexnet,0.25,TINYIMAGENET_alexnet_RS_accuracy_kp2500_seed456,456,20000,384,42,accuracy,100456,0.41875,1,2.9328223300457,17.144467622041702,10,2.9328223300457,valid,0.41211014372247035,0.4741010692446324,0.41875,100456
RS,0.43225,103,103,random,TINYIMAGENET,385,main_b1000_tinyimagenet_alexnet_RS_kp25_seed456,0.25,0.41125,False,0.25,alexnet,0.25,TINYIMAGENET_alexnet_RS_accuracy_kp2500_seed456,456,20000,385,42,accuracy,100456,0.41125,1,2.910748013496399,17.203727394342422,10,2.910748013496399,valid,0.411130625887739,0.48331789713179857,0.41125,100456
RS,0.43225,103,103,random,TINYIMAGENET,386,main_b1000_tinyimagenet_alexnet_RS_kp25_seed456,0.25,0.4042,False,0.25,alexnet,0.25,TINYIMAGENET_alexnet_RS_accuracy_kp2500_seed456,456,20000,386,42,accuracy,100456,0.4042,1,2.9861046674728393,17.180170357227325,10,2.9861046674728393,valid,0.4032498535614735,0.473602791991838,0.4042,100456
RS,0.43225,103,103,random,TINYIMAGENET,387,main_b1000_tinyimagenet_alexnet_RS_kp25_seed456,0.25,0.4114,False,0.25,alexnet,0.25,TINYIMAGENET_alexnet_RS_accuracy_kp2500_seed456,456,20000,387,42,accuracy,100456,0.4114,1,2.962490231132507,17.14313118904829,10,2.962490231132507,valid,0.40452156639491,0.4698762448380018,0.4114,100456
RS,0.43225,103,103,random,TINYIMAGENET,388,main_b1000_tinyimagenet_alexnet_RS_kp25_seed456,0.25,0.4084,False,0.25,alexnet,0.25,TINYIMAGENET_alexnet_RS_accuracy_kp2500_seed456,456,20000,388,42,accuracy,100456,0.4084,1,2.987888122034073,17.161914877593517,10,2.987888122034073,valid,0.4027263579132881,0.4825235071345987,0.40840000000000004,100456
RS,0.43225,103,103,random,TINYIMAGENET,389,main_b1000_tinyimagenet_alexnet_RS_kp25_seed456,0.25,0.40935,False,0.25,alexnet,0.25,TINYIMAGENET_alexnet_RS_accuracy_kp2500_seed456,456,20000,389,42,accuracy,100456,0.40935,1,2.9495489594459534,17.218300759792328,10,2.9495489594459534,valid,0.4045790543932839,0.47678802674736803,0.40935000000000005,100456
RS,0.43225,103,103,random,TINYIMAGENET,390,main_b1000_tinyimagenet_alexnet_RS_kp25_seed456,0.25,0.41165,False,0.25,alexnet,0.25,TINYIMAGENET_alexnet_RS_accuracy_kp2500_seed456,456,20000,390,42,accuracy,100456,0.41165,1,2.9161285865306854,17.175802402198315,10,2.9161285865306854,valid,0.40846569427623125,0.4677961106122014,0.41165000000000007,100456
RS,0.43225,103,103,random,TINYIMAGENET,391,main_b1000_tinyimagenet_alexnet_RS_kp25_seed456,0.25,0.41575,False,0.25,alexnet,0.25,TINYIMAGENET_alexnet_RS_accuracy_kp2500_seed456,456,20000,391,42,accuracy,100456,0.41575,1,2.902658602952957,17.133221618831158,10,2.902658602952957,valid,0.4139545349126458,0.4793966405132004,0.41575,100456
RS,0.43225,103,103,random,TINYIMAGENET,392,main_b1000_tinyimagenet_alexnet_RS_kp25_seed456,0.25,0.4043,False,0.25,alexnet,0.25,TINYIMAGENET_alexnet_RS_accuracy_kp2500_seed456,456,20000,392,42,accuracy,100456,0.4043,1,2.9936652152061463,17.20530765503645,10,2.9936652152061463,valid,0.40594221647404494,0.4879713697645158,0.4043,100456
RS,0.43225,103,103,random,TINYIMAGENET,393,main_b1000_tinyimagenet_alexnet_RS_kp25_seed456,0.25,0.4149,False,0.25,alexnet,0.25,TINYIMAGENET_alexnet_RS_accuracy_kp2500_seed456,456,20000,393,42,accuracy,100456,0.4149,2,3.0395106761455537,17.181710563600063,10,3.0395106761455537,valid,0.41836531716938324,0.4790770200331656,0.41489999999999994,100456
RS,0.43225,103,103,random,TINYIMAGENET,394,main_b1000_tinyimagenet_alexnet_RS_kp25_seed456,0.25,0.41585,False,0.25,alexnet,0.25,TINYIMAGENET_alexnet_RS_accuracy_kp2500_seed456,456,20000,394,42,accuracy,100456,0.41585,2,3.033864346265793,17.152187407016754,10,3.033864346265793,valid,0.4150623132016169,0.47368619363656206,0.41585,100456
RS,0.43225,103,103,random,TINYIMAGENET,395,main_b1000_tinyimagenet_alexnet_RS_kp25_seed456,0.25,0.4098,False,0.25,alexnet,0.25,TINYIMAGENET_alexnet_RS_accuracy_kp2500_seed456,456,20000,395,42,accuracy,100456,0.4098,1,2.952025988960266,17.144245594739914,10,2.952025988960266,valid,0.4061303282408167,0.47415701700337054,0.40979999999999994,100456
RS,0.43225,103,103,random,TINYIMAGENET,396,main_b1000_tinyimagenet_alexnet_RS_kp25_seed456,0.25,0.4092,False,0.25,alexnet,0.25,TINYIMAGENET_alexnet_RS_accuracy_kp2500_seed456,456,20000,396,42,accuracy,100456,0.4092,1,2.9662515809059142,17.23955672979355,10,2.9662515809059142,valid,0.40306193324049466,0.47083494011792304,0.4092,100456
RS,0.43225,103,103,random,TINYIMAGENET,397,main_b1000_tinyimagenet_alexnet_RS_kp25_seed456,0.25,0.4128,False,0.25,alexnet,0.25,TINYIMAGENET_alexnet_RS_accuracy_kp2500_seed456,456,20000,397,42,accuracy,100456,0.4128,1,2.9386525008678435,17.143744185566902,10,2.9386525008678435,valid,0.4077628515475903,0.47757536202024226,0.4128,100456
RS,0.43225,103,103,random,TINYIMAGENET,398,main_b1000_tinyimagenet_alexnet_RS_kp25_seed456,0.25,0.4072,False,0.25,alexnet,0.25,TINYIMAGENET_alexnet_RS_accuracy_kp2500_seed456,456,20000,398,42,accuracy,100456,0.4072,1,2.954474582386017,17.17980895191431,10,2.954474582386017,valid,0.4028345595361012,0.4706694583025822,0.4072,100456
RS,0.43225,103,103,random,TINYIMAGENET,399,main_b1000_tinyimagenet_alexnet_RS_kp25_seed456,0.25,0.4115,False,0.25,alexnet,0.25,TINYIMAGENET_alexnet_RS_accuracy_kp2500_seed456,456,20000,399,42,accuracy,100456,0.4115,1,2.967934156894684,17.16134373098612,10,2.967934156894684,valid,0.40841907687396,0.47998675204632774,0.41150000000000003,100456
RS,0.43225,103,103,random,TINYIMAGENET,400,main_b1000_tinyimagenet_alexnet_RS_kp25_seed456,0.25,0.41965,False,0.25,alexnet,0.25,TINYIMAGENET_alexnet_RS_accuracy_kp2500_seed456,456,20000,400,42,accuracy,100456,0.41965,1,2.938140266799927,17.21163174510002,10,2.938140266799927,valid,0.4125735872886898,0.47676341325510946,0.41965,100456
RS,0.43225,103,103,random,TINYIMAGENET,401,main_b1000_tinyimagenet_alexnet_RS_kp25_seed456,0.25,0.40305,False,0.25,alexnet,0.25,TINYIMAGENET_alexnet_RS_accuracy_kp2500_seed456,456,20000,401,42,accuracy,100456,0.40305,1,2.9927882147789,17.152605928480625,10,2.9927882147789,valid,0.4003125172131722,0.4707098498657294,0.40305,100456
RS,0.43225,103,103,random,TINYIMAGENET,402,main_b1000_tinyimagenet_alexnet_RS_kp25_seed456,0.25,0.4052,False,0.25,alexnet,0.25,TINYIMAGENET_alexnet_RS_accuracy_kp2500_seed456,456,20000,402,42,accuracy,100456,0.4052,1,2.955996131515503,17.16223980486393,10,2.955996131515503,valid,0.40786762061845727,0.4816660878177251,0.4052,100456
RS,0.43225,103,103,random,TINYIMAGENET,403,main_b1000_tinyimagenet_alexnet_RS_kp25_seed456,0.25,0.4118,False,0.25,alexnet,0.25,TINYIMAGENET_alexnet_RS_accuracy_kp2500_seed456,456,20000,403,42,accuracy,100456,0.4118,1,2.9328201780796053,17.23445689678192,10,2.9328201780796053,valid,0.40969885228601766,0.47525402633267705,0.4118,100456
RS,0.43225,103,103,random,TINYIMAGENET,404,main_b1000_tinyimagenet_alexnet_RS_kp25_seed456,0.25,0.41265,False,0.25,alexnet,0.25,TINYIMAGENET_alexnet_RS_accuracy_kp2500_seed456,456,20000,404,42,accuracy,100456,0.41265,1,2.9316490095138548,17.153542198240757,10,2.9316490095138548,valid,0.4106259546055806,0.4807200410277872,0.41265,100456
RS,0.43225,103,103,random,TINYIMAGENET,405,main_b1000_tinyimagenet_alexnet_RS_kp25_seed456,0.25,0.4101,False,0.25,alexnet,0.25,TINYIMAGENET_alexnet_RS_accuracy_kp2500_seed456,456,20000,405,42,accuracy,100456,0.4101,1,2.929981112623215,17.14220428466797,10,2.929981112623215,valid,0.4054177586600998,0.468717210477151,0.41009999999999996,100456
RS,0.43225,103,103,random,TINYIMAGENET,406,main_b1000_tinyimagenet_alexnet_RS_kp25_seed456,0.25,0.41525,False,0.25,alexnet,0.25,TINYIMAGENET_alexnet_RS_accuracy_kp2500_seed456,456,20000,406,42,accuracy,100456,0.41525,1,2.956630370616913,17.175518088042736,10,2.956630370616913,valid,0.41213323769589655,0.4773378943853342,0.41525000000000006,100456
RS,0.43225,103,103,random,TINYIMAGENET,407,main_b1000_tinyimagenet_alexnet_RS_kp25_seed456,0.25,0.41245,False,0.25,alexnet,0.25,TINYIMAGENET_alexnet_RS_accuracy_kp2500_seed456,456,20000,407,42,accuracy,100456,0.41245,1,2.964937216615677,17.239716202020645,10,2.964937216615677,valid,0.4092580297518842,0.4764894020820671,0.41245000000000004,100456
RS,0.43225,103,103,random,TINYIMAGENET,408,main_b1000_tinyimagenet_alexnet_RS_kp25_seed456,0.25,0.3997,False,0.25,alexnet,0.25,TINYIMAGENET_alexnet_RS_accuracy_kp2500_seed456,456,20000,408,42,accuracy,100456,0.3997,1,2.975928613948822,17.155290842056274,10,2.975928613948822,valid,0.4015324300142715,0.4825719874848744,0.3997,100456
RS,0.43225,103,103,random,TINYIMAGENET,409,main_b1000_tinyimagenet_alexnet_RS_kp25_seed456,0.25,0.4109,False,0.25,alexnet,0.25,TINYIMAGENET_alexnet_RS_accuracy_kp2500_seed456,456,20000,409,42,accuracy,100456,0.4109,1,2.9053623334646224,17.14620303362608,10,2.9053623334646224,valid,0.4051356406166729,0.4666781407802397,0.41090000000000004,100456
RS,0.43225,103,103,random,TINYIMAGENET,410,main_b1000_tinyimagenet_alexnet_RS_kp25_seed456,0.25,0.42195,False,0.25,alexnet,0.25,TINYIMAGENET_alexnet_RS_accuracy_kp2500_seed456,456,20000,410,42,accuracy,100456,0.42195,2,2.9538996927261354,17.310205832123756,10,2.9538996927261354,valid,0.4246273929387673,0.4733746846736567,0.42195,100456
RS,0.43225,103,103,random,TINYIMAGENET,411,main_b1000_tinyimagenet_alexnet_RS_kp25_seed456,0.25,0.4136,False,0.25,alexnet,0.25,TINYIMAGENET_alexnet_RS_accuracy_kp2500_seed456,456,20000,411,42,accuracy,100456,0.4136,2,3.032809251308441,17.18719655275345,10,3.032809251308441,valid,0.4132617377750561,0.4803727842848016,0.41359999999999997,100456
RS,0.43225,103,103,random,TINYIMAGENET,412,main_b1000_tinyimagenet_alexnet_RS_kp25_seed456,0.25,0.4129,False,0.25,alexnet,0.25,TINYIMAGENET_alexnet_RS_accuracy_kp2500_seed456,456,20000,412,42,accuracy,100456,0.4129,1,2.9434910349845884,17.184861682355404,10,2.9434910349845884,valid,0.4083137087040752,0.4799073265092678,0.4129,100456
RS,0.43225,103,103,random,TINYIMAGENET,413,main_b1000_tinyimagenet_alexnet_RS_kp25_seed456,0.25,0.40295,False,0.25,alexnet,0.25,TINYIMAGENET_alexnet_RS_accuracy_kp2500_seed456,456,20000,413,42,accuracy,100456,0.40295,1,2.9500655927181243,17.18553365767002,10,2.9500655927181243,valid,0.4002257223738836,0.46703201158791446,0.40295000000000003,100456
RS,0.43225,103,103,random,TINYIMAGENET,414,main_b1000_tinyimagenet_alexnet_RS_kp25_seed456,0.25,0.41095,False,0.25,alexnet,0.25,TINYIMAGENET_alexnet_RS_accuracy_kp2500_seed456,456,20000,414,42,accuracy,100456,0.41095,1,2.9561464175224303,17.200057983398438,10,2.9561464175224303,valid,0.4036689671173418,0.4709822683255234,0.41095,100456
RS,0.43225,103,103,random,TINYIMAGENET,415,main_b1000_tinyimagenet_alexnet_RS_kp25_seed456,0.25,0.4077,False,0.25,alexnet,0.25,TINYIMAGENET_alexnet_RS_accuracy_kp2500_seed456,456,20000,415,42,accuracy,100456,0.4077,1,2.957022677731514,17.18287070840597,10,2.957022677731514,valid,0.404154110886239,0.47395005194757517,0.40769999999999995,100456
RS,0.43225,103,103,random,TINYIMAGENET,416,main_b1000_tinyimagenet_alexnet_RS_kp25_seed456,0.25,0.40965,False,0.25,alexnet,0.25,TINYIMAGENET_alexnet_RS_accuracy_kp2500_seed456,456,20000,416,42,accuracy,100456,0.40965,1,2.9302279222488403,17.172396309673786,10,2.9302279222488403,valid,0.4028488000743722,0.47070424285758167,0.40965,100456
RS,0.43225,103,103,random,TINYIMAGENET,417,main_b1000_tinyimagenet_alexnet_RS_kp25_seed456,0.25,0.4002,False,0.25,alexnet,0.25,TINYIMAGENET_alexnet_RS_accuracy_kp2500_seed456,456,20000,417,42,accuracy,100456,0.4002,1,3.028807727909088,17.234976083040237,10,3.028807727909088,valid,0.3986958045700787,0.4838923259476708,0.40019999999999994,100456
RS,0.43225,103,103,random,TINYIMAGENET,418,main_b1000_tinyimagenet_alexnet_RS_kp25_seed456,0.25,0.40655,False,0.25,alexnet,0.25,TINYIMAGENET_alexnet_RS_accuracy_kp2500_seed456,456,20000,418,42,accuracy,100456,0.40655,1,2.9572591643333435,17.13566443324089,10,2.9572591643333435,valid,0.40408335086743696,0.4667077901893759,0.40655,100456
RS,0.43225,103,103,random,TINYIMAGENET,419,main_b1000_tinyimagenet_alexnet_RS_kp25_seed456,0.25,0.40895,False,0.25,alexnet,0.25,TINYIMAGENET_alexnet_RS_accuracy_kp2500_seed456,456,20000,419,42,accuracy,100456,0.40895,1,2.9496817288398742,17.130336567759514,10,2.9496817288398742,valid,0.40549046151458756,0.4738770113622744,0.40895000000000004,100456
RS,0.43225,103,103,random,TINYIMAGENET,420,main_b1000_tinyimagenet_alexnet_RS_kp25_seed456,0.25,0.4281,False,0.25,alexnet,0.25,TINYIMAGENET_alexnet_RS_accuracy_kp2500_seed456,456,20000,420,42,accuracy,100456,0.4281,2,2.9448401296615603,17.222097098827362,10,2.9448401296615603,valid,0.4238728749155605,0.4693180958533409,0.42810000000000004,100456
RS,0.43225,103,103,random,TINYIMAGENET,421,main_b1000_tinyimagenet_alexnet_RS_kp25_seed456,0.25,0.40815,False,0.25,alexnet,0.25,TINYIMAGENET_alexnet_RS_accuracy_kp2500_seed456,456,20000,421,42,accuracy,100456,0.40815,1,2.941353574895859,17.16138007491827,10,2.941353574895859,valid,0.4053113180492264,0.4794442257916485,0.40814999999999996,100456
RS,0.43225,103,103,random,TINYIMAGENET,422,main_b1000_tinyimagenet_alexnet_RS_kp25_seed456,0.25,0.41645,False,0.25,alexnet,0.25,TINYIMAGENET_alexnet_RS_accuracy_kp2500_seed456,456,20000,422,42,accuracy,100456,0.41645,1,2.9075413228988647,17.183623731136322,10,2.9075413228988647,valid,0.412094741613176,0.46826039362887345,0.41645000000000004,100456
RS,0.43225,103,103,random,TINYIMAGENET,423,main_b1000_tinyimagenet_alexnet_RS_kp25_seed456,0.25,0.4162,False,0.25,alexnet,0.25,TINYIMAGENET_alexnet_RS_accuracy_kp2500_seed456,456,20000,423,42,accuracy,100456,0.4162,2,2.9731096709251403,17.168371260166168,10,2.9731096709251403,valid,0.41630014239676577,0.4673637229202616,0.41620000000000007,100456
RS,0.43225,103,103,random,TINYIMAGENET,424,main_b1000_tinyimagenet_alexnet_RS_kp25_seed456,0.25,0.41115,False,0.25,alexnet,0.25,TINYIMAGENET_alexnet_RS_accuracy_kp2500_seed456,456,20000,424,42,accuracy,100456,0.41115,1,2.9553679072856904,17.456142477691174,10,2.9553679072856904,valid,0.40893606098070956,0.4815579725375217,0.41115,100456
RS,0.43225,103,103,random,TINYIMAGENET,425,main_b1000_tinyimagenet_alexnet_RS_kp25_seed456,0.25,0.41445,False,0.25,alexnet,0.25,TINYIMAGENET_alexnet_RS_accuracy_kp2500_seed456,456,20000,425,42,accuracy,100456,0.41445,1,2.945200511264801,17.119896687567234,10,2.945200511264801,valid,0.41118049674604235,0.47446106825810686,0.4144500000000001,100456
RS,0.43225,103,103,random,TINYIMAGENET,426,main_b1000_tinyimagenet_alexnet_RS_kp25_seed456,0.25,0.4091,False,0.25,alexnet,0.25,TINYIMAGENET_alexnet_RS_accuracy_kp2500_seed456,456,20000,426,42,accuracy,100456,0.4091,1,2.9380741159915926,17.190553657710552,10,2.9380741159915926,valid,0.40880915383439786,0.4827441237454817,0.40909999999999996,100456
RS,0.43225,103,103,random,TINYIMAGENET,427,main_b1000_tinyimagenet_alexnet_RS_kp25_seed456,0.25,0.4115,False,0.25,alexnet,0.25,TINYIMAGENET_alexnet_RS_accuracy_kp2500_seed456,456,20000,427,42,accuracy,100456,0.4115,1,2.9694307150363923,17.211624696850777,10,2.9694307150363923,valid,0.4023098543223693,0.46831833310815696,0.4115,100456
RS,0.43225,103,103,random,TINYIMAGENET,428,main_b1000_tinyimagenet_alexnet_RS_kp25_seed456,0.25,0.4046,False,0.25,alexnet,0.25,TINYIMAGENET_alexnet_RS_accuracy_kp2500_seed456,456,20000,428,42,accuracy,100456,0.4046,1,2.9481125024318695,17.2083942592144,10,2.9481125024318695,valid,0.40115523293842803,0.47975893180590334,0.4046,100456
RS,0.43225,103,103,random,TINYIMAGENET,429,main_b1000_tinyimagenet_alexnet_RS_kp25_seed456,0.25,0.427,False,0.25,alexnet,0.25,TINYIMAGENET_alexnet_RS_accuracy_kp2500_seed456,456,20000,429,42,accuracy,100456,0.427,2,2.97616600356102,17.26484229415655,10,2.97616600356102,valid,0.4253946732008217,0.4794811819778082,0.42700000000000005,100456
RS,0.43225,103,103,random,TINYIMAGENET,430,main_b1000_tinyimagenet_alexnet_RS_kp25_seed456,0.25,0.4008,False,0.25,alexnet,0.25,TINYIMAGENET_alexnet_RS_accuracy_kp2500_seed456,456,20000,430,42,accuracy,100456,0.4008,1,2.993084343767166,17.15958781540394,10,2.993084343767166,valid,0.4024346042293195,0.47338971804048247,0.4008,100456
RS,0.43225,103,103,random,TINYIMAGENET,431,main_b1000_tinyimagenet_alexnet_RS_kp25_seed456,0.25,0.416,False,0.25,alexnet,0.25,TINYIMAGENET_alexnet_RS_accuracy_kp2500_seed456,456,20000,431,42,accuracy,100456,0.416,2,3.025448926639557,17.28871811181307,10,3.025448926639557,valid,0.4158916411732197,0.47196173011813514,0.41600000000000004,100456
RS,0.43225,103,103,random,TINYIMAGENET,432,main_b1000_tinyimagenet_alexnet_RS_kp25_seed456,0.25,0.40895,False,0.25,alexnet,0.25,TINYIMAGENET_alexnet_RS_accuracy_kp2500_seed456,456,20000,432,42,accuracy,100456,0.40895,1,2.935144771385193,17.177700951695442,10,2.935144771385193,valid,0.4059240587780317,0.47873979040461845,0.40895000000000004,100456
RS,0.43225,103,103,random,TINYIMAGENET,433,main_b1000_tinyimagenet_alexnet_RS_kp25_seed456,0.25,0.4097,False,0.25,alexnet,0.25,TINYIMAGENET_alexnet_RS_accuracy_kp2500_seed456,456,20000,433,42,accuracy,100456,0.4097,1,2.9613976799964905,17.176816545426846,10,2.9613976799964905,valid,0.4060417186511509,0.46822789109518226,0.4097,100456
RS,0.43225,103,103,random,TINYIMAGENET,434,main_b1000_tinyimagenet_alexnet_RS_kp25_seed456,0.25,0.41075,False,0.25,alexnet,0.25,TINYIMAGENET_alexnet_RS_accuracy_kp2500_seed456,456,20000,434,42,accuracy,100456,0.41075,1,2.9616393974781037,17.234218321740627,10,2.9616393974781037,valid,0.4049485647419834,0.4656599187842147,0.41075,100456
RS,0.43225,103,103,random,TINYIMAGENET,435,main_b1000_tinyimagenet_alexnet_RS_kp25_seed456,0.25,0.411,False,0.25,alexnet,0.25,TINYIMAGENET_alexnet_RS_accuracy_kp2500_seed456,456,20000,435,42,accuracy,100456,0.411,1,2.9413779281139374,17.26899705827236,10,2.9413779281139374,valid,0.4076707744887865,0.4766034669883608,0.41100000000000003,100456
RS,0.43225,103,103,random,TINYIMAGENET,436,main_b1000_tinyimagenet_alexnet_RS_kp25_seed456,0.25,0.414,False,0.25,alexnet,0.25,TINYIMAGENET_alexnet_RS_accuracy_kp2500_seed456,456,20000,436,42,accuracy,100456,0.414,1,2.9215997587680818,17.11726500838995,10,2.9215997587680818,valid,0.4090815277991115,0.4744520188023826,0.41400000000000003,100456
RS,0.43225,103,103,random,TINYIMAGENET,437,main_b1000_tinyimagenet_alexnet_RS_kp25_seed456,0.25,0.4103,False,0.25,alexnet,0.25,TINYIMAGENET_alexnet_RS_accuracy_kp2500_seed456,456,20000,437,42,accuracy,100456,0.4103,1,2.9543409091472626,17.161546982824802,10,2.9543409091472626,valid,0.40839818899597163,0.47791530581642816,0.4103,100456
RS,0.43225,103,103,random,TINYIMAGENET,438,main_b1000_tinyimagenet_alexnet_RS_kp25_seed456,0.25,0.41595,False,0.25,alexnet,0.25,TINYIMAGENET_alexnet_RS_accuracy_kp2500_seed456,456,20000,438,42,accuracy,100456,0.41595,2,3.0203515027999877,17.23201158642769,10,3.0203515027999877,valid,0.41434146195155064,0.47332680830238916,0.41595000000000004,100456
RS,0.43225,103,103,random,TINYIMAGENET,439,main_b1000_tinyimagenet_alexnet_RS_kp25_seed456,0.25,0.4095,False,0.25,alexnet,0.25,TINYIMAGENET_alexnet_RS_accuracy_kp2500_seed456,456,20000,439,42,accuracy,100456,0.4095,1,2.969093385839462,17.1753107085824,10,2.969093385839462,valid,0.40786403109349884,0.4793666000377317,0.40950000000000003,100456
RS,0.43225,103,103,random,TINYIMAGENET,440,main_b1000_tinyimagenet_alexnet_RS_kp25_seed456,0.25,0.4044,False,0.25,alexnet,0.25,TINYIMAGENET_alexnet_RS_accuracy_kp2500_seed456,456,20000,440,42,accuracy,100456,0.4044,1,2.9729444204330444,17.171895928680897,10,2.9729444204330444,valid,0.3989020865826123,0.47536465945221434,0.4044,100456
RS,0.43225,103,103,random,TINYIMAGENET,441,main_b1000_tinyimagenet_alexnet_RS_kp25_seed456,0.25,0.41085,False,0.25,alexnet,0.25,TINYIMAGENET_alexnet_RS_accuracy_kp2500_seed456,456,20000,441,42,accuracy,100456,0.41085,1,2.9711420857667923,17.200387820601463,10,2.9711420857667923,valid,0.4072887148688685,0.48270910967544206,0.41085,100456
RS,0.43225,103,103,random,TINYIMAGENET,442,main_b1000_tinyimagenet_alexnet_RS_kp25_seed456,0.25,0.41915,False,0.25,alexnet,0.25,TINYIMAGENET_alexnet_RS_accuracy_kp2500_seed456,456,20000,442,42,accuracy,100456,0.41915,2,2.977890425634384,17.366539776325226,10,2.977890425634384,valid,0.41924754658086727,0.47224997252534406,0.4191500000000001,100456
RS,0.43225,103,103,random,TINYIMAGENET,443,main_b1000_tinyimagenet_alexnet_RS_kp25_seed456,0.25,0.4113,False,0.25,alexnet,0.25,TINYIMAGENET_alexnet_RS_accuracy_kp2500_seed456,456,20000,443,42,accuracy,100456,0.4113,1,2.9701840752124786,17.13656096160412,10,2.9701840752124786,valid,0.40455557097506367,0.48000963391600365,0.41129999999999994,100456
RS,0.43225,103,103,random,TINYIMAGENET,444,main_b1000_tinyimagenet_alexnet_RS_kp25_seed456,0.25,0.40995,False,0.25,alexnet,0.25,TINYIMAGENET_alexnet_RS_accuracy_kp2500_seed456,456,20000,444,42,accuracy,100456,0.40995,1,2.9471081104755403,17.11048799753189,10,2.9471081104755403,valid,0.40685429043796684,0.475769088567111,0.40995000000000004,100456
RS,0.43225,103,103,random,TINYIMAGENET,445,main_b1000_tinyimagenet_alexnet_RS_kp25_seed456,0.25,0.4115,False,0.25,alexnet,0.25,TINYIMAGENET_alexnet_RS_accuracy_kp2500_seed456,456,20000,445,42,accuracy,100456,0.4115,1,2.955875224685669,17.22889657318592,10,2.955875224685669,valid,0.4094604834666961,0.48158527584474214,0.41150000000000003,100456
RS,0.43225,103,103,random,TINYIMAGENET,446,main_b1000_tinyimagenet_alexnet_RS_kp25_seed456,0.25,0.42475,False,0.25,alexnet,0.25,TINYIMAGENET_alexnet_RS_accuracy_kp2500_seed456,456,20000,446,42,accuracy,100456,0.42475,2,2.9597955605983732,17.209738485515118,10,2.9597955605983732,valid,0.422009212384199,0.4689941539736261,0.42475000000000007,100456
RS,0.43225,103,103,random,TINYIMAGENET,447,main_b1000_tinyimagenet_alexnet_RS_kp25_seed456,0.25,0.417,False,0.25,alexnet,0.25,TINYIMAGENET_alexnet_RS_accuracy_kp2500_seed456,456,20000,447,42,accuracy,100456,0.417,2,3.000993719959259,17.188868179917336,10,3.000993719959259,valid,0.41571819115923375,0.47240494492795276,0.41700000000000004,100456
RS,0.43225,103,103,random,TINYIMAGENET,448,main_b1000_tinyimagenet_alexnet_RS_kp25_seed456,0.25,0.408,False,0.25,alexnet,0.25,TINYIMAGENET_alexnet_RS_accuracy_kp2500_seed456,456,20000,448,42,accuracy,100456,0.408,1,2.9650460216999055,17.173030100762844,10,2.9650460216999055,valid,0.4067176152327642,0.4813848118390529,0.408,100456
RS,0.43225,103,103,random,TINYIMAGENET,449,main_b1000_tinyimagenet_alexnet_RS_kp25_seed456,0.25,0.41395,False,0.25,alexnet,0.25,TINYIMAGENET_alexnet_RS_accuracy_kp2500_seed456,456,20000,449,42,accuracy,100456,0.41395,1,2.9272378882884977,17.261143021285534,10,2.9272378882884977,valid,0.4105375188948095,0.4763196907541044,0.41395,100456
RS,0.43225,103,103,random,TINYIMAGENET,450,main_b1000_tinyimagenet_alexnet_RS_kp25_seed456,0.25,0.4113,False,0.25,alexnet,0.25,TINYIMAGENET_alexnet_RS_accuracy_kp2500_seed456,456,20000,450,42,accuracy,100456,0.4113,1,2.9294202852249147,17.117039427161217,10,2.9294202852249147,valid,0.4094549964501921,0.48602210399732826,0.41129999999999994,100456
RS,0.43225,103,103,random,TINYIMAGENET,451,main_b1000_tinyimagenet_alexnet_RS_kp25_seed456,0.25,0.40825,False,0.25,alexnet,0.25,TINYIMAGENET_alexnet_RS_accuracy_kp2500_seed456,456,20000,451,42,accuracy,100456,0.40825,1,2.959743540763855,17.124784782528877,10,2.959743540763855,valid,0.40481816527256015,0.4817116541889812,0.40825,100456
RS,0.43225,103,103,random,TINYIMAGENET,452,main_b1000_tinyimagenet_alexnet_RS_kp25_seed456,0.25,0.41495,False,0.25,alexnet,0.25,TINYIMAGENET_alexnet_RS_accuracy_kp2500_seed456,456,20000,452,42,accuracy,100456,0.41495,1,2.912307852935791,17.237135365605354,10,2.912307852935791,valid,0.4151345529560615,0.47977399186345415,0.41495000000000004,100456
RS,0.43225,103,103,random,TINYIMAGENET,453,main_b1000_tinyimagenet_alexnet_RS_kp25_seed456,0.25,0.41915,False,0.25,alexnet,0.25,TINYIMAGENET_alexnet_RS_accuracy_kp2500_seed456,456,20000,453,42,accuracy,100456,0.41915,2,3.005496564292908,17.187569200992584,10,3.005496564292908,valid,0.4161953098943191,0.46290137786259167,0.41914999999999997,100456
RS,0.43225,103,103,random,TINYIMAGENET,454,main_b1000_tinyimagenet_alexnet_RS_kp25_seed456,0.25,0.4048,False,0.25,alexnet,0.25,TINYIMAGENET_alexnet_RS_accuracy_kp2500_seed456,456,20000,454,42,accuracy,100456,0.4048,1,2.9816557322502137,17.15321672707796,10,2.9816557322502137,valid,0.4026286603909776,0.4811685844708382,0.4048,100456
RS,0.43225,103,103,random,TINYIMAGENET,455,main_b1000_tinyimagenet_alexnet_RS_kp25_seed456,0.25,0.415,False,0.25,alexnet,0.25,TINYIMAGENET_alexnet_RS_accuracy_kp2500_seed456,456,20000,455,42,accuracy,100456,0.415,1,2.931037056684494,17.18407851457596,10,2.931037056684494,valid,0.40755447706181047,0.47850009154473705,0.415,100456
RS,0.43225,103,103,random,TINYIMAGENET,456,main_b1000_tinyimagenet_alexnet_RS_kp25_seed456,0.25,0.4122,False,0.25,alexnet,0.25,TINYIMAGENET_alexnet_RS_accuracy_kp2500_seed456,456,20000,456,42,accuracy,100456,0.4122,1,2.9540460601329803,17.294775150716305,10,2.9540460601329803,valid,0.4096865350810869,0.47999504584871194,0.4122,100456
RS,0.43225,103,103,random,TINYIMAGENET,457,main_b1000_tinyimagenet_alexnet_RS_kp25_seed456,0.25,0.40975,False,0.25,alexnet,0.25,TINYIMAGENET_alexnet_RS_accuracy_kp2500_seed456,456,20000,457,42,accuracy,100456,0.40975,1,2.9370168151378633,17.11034405231476,10,2.9370168151378633,valid,0.40496308888123345,0.47619105471295403,0.40975,100456
RS,0.43225,103,103,random,TINYIMAGENET,458,main_b1000_tinyimagenet_alexnet_RS_kp25_seed456,0.25,0.4095,False,0.25,alexnet,0.25,TINYIMAGENET_alexnet_RS_accuracy_kp2500_seed456,456,20000,458,42,accuracy,100456,0.4095,1,2.9311924487113954,17.159285962581635,10,2.9311924487113954,valid,0.4052969716405688,0.4712183386634412,0.40950000000000003,100456
RS,0.43225,103,103,random,TINYIMAGENET,459,main_b1000_tinyimagenet_alexnet_RS_kp25_seed456,0.25,0.4262,False,0.25,alexnet,0.25,TINYIMAGENET_alexnet_RS_accuracy_kp2500_seed456,456,20000,459,42,accuracy,100456,0.4262,2,2.993048647928238,17.240489415824413,10,2.993048647928238,valid,0.42268417163950645,0.4735465246349244,0.42619999999999997,100456
RS,0.43225,103,103,random,TINYIMAGENET,460,main_b1000_tinyimagenet_alexnet_RS_kp25_seed456,0.25,0.413,False,0.25,alexnet,0.25,TINYIMAGENET_alexnet_RS_accuracy_kp2500_seed456,456,20000,460,42,accuracy,100456,0.413,1,2.9507669154644014,17.231405675411224,10,2.9507669154644014,valid,0.40759740531981964,0.47652873464342194,0.413,100456
RS,0.43225,103,103,random,TINYIMAGENET,461,main_b1000_tinyimagenet_alexnet_RS_kp25_seed456,0.25,0.4092,False,0.25,alexnet,0.25,TINYIMAGENET_alexnet_RS_accuracy_kp2500_seed456,456,20000,461,42,accuracy,100456,0.4092,1,2.8997740869998934,17.13587512075901,10,2.8997740869998934,valid,0.4054819776916915,0.4714192942870203,0.4092,100456
RS,0.43225,103,103,random,TINYIMAGENET,462,main_b1000_tinyimagenet_alexnet_RS_kp25_seed456,0.25,0.41065,False,0.25,alexnet,0.25,TINYIMAGENET_alexnet_RS_accuracy_kp2500_seed456,456,20000,462,42,accuracy,100456,0.41065,1,2.941805509519577,18.513070859014988,10,2.941805509519577,valid,0.40818674236568797,0.47622240736478133,0.41064999999999996,100456
RS,0.43225,103,103,random,TINYIMAGENET,463,main_b1000_tinyimagenet_alexnet_RS_kp25_seed456,0.25,0.4081,False,0.25,alexnet,0.25,TINYIMAGENET_alexnet_RS_accuracy_kp2500_seed456,456,20000,463,42,accuracy,100456,0.4081,1,2.9519966843128205,17.58898437768221,10,2.9519966843128205,valid,0.4061533378474404,0.4764240610483317,0.4081,100456
RS,0.43225,103,103,random,TINYIMAGENET,464,main_b1000_tinyimagenet_alexnet_RS_kp25_seed456,0.25,0.4061,False,0.25,alexnet,0.25,TINYIMAGENET_alexnet_RS_accuracy_kp2500_seed456,456,20000,464,42,accuracy,100456,0.4061,1,2.9175401306152344,17.151365891098976,10,2.9175401306152344,valid,0.405021567010249,0.46851732946461555,0.4061,100456
RS,0.43225,103,103,random,TINYIMAGENET,465,main_b1000_tinyimagenet_alexnet_RS_kp25_seed456,0.25,0.41695,False,0.25,alexnet,0.25,TINYIMAGENET_alexnet_RS_accuracy_kp2500_seed456,456,20000,465,42,accuracy,100456,0.41695,1,2.9408860891819,17.168692782521248,10,2.9408860891819,valid,0.4145668603773741,0.4849300830970988,0.41695,100456
RS,0.43225,103,103,random,TINYIMAGENET,466,main_b1000_tinyimagenet_alexnet_RS_kp25_seed456,0.25,0.41365,False,0.25,alexnet,0.25,TINYIMAGENET_alexnet_RS_accuracy_kp2500_seed456,456,20000,466,42,accuracy,100456,0.41365,1,2.9584754032135008,17.2306305244565,10,2.9584754032135008,valid,0.408415639226887,0.4719945854648395,0.41364999999999996,100456
RS,0.43225,103,103,random,TINYIMAGENET,467,main_b1000_tinyimagenet_alexnet_RS_kp25_seed456,0.25,0.4103,False,0.25,alexnet,0.25,TINYIMAGENET_alexnet_RS_accuracy_kp2500_seed456,456,20000,467,42,accuracy,100456,0.4103,1,2.940362759256363,17.17779991775751,10,2.940362759256363,valid,0.4080674801132265,0.4750020080145302,0.4103,100456
RS,0.43225,103,103,random,TINYIMAGENET,468,main_b1000_tinyimagenet_alexnet_RS_kp25_seed456,0.25,0.4078,False,0.25,alexnet,0.25,TINYIMAGENET_alexnet_RS_accuracy_kp2500_seed456,456,20000,468,42,accuracy,100456,0.4078,1,2.9771732479810713,17.15312661230564,10,2.9771732479810713,valid,0.399833403588537,0.4697521004825043,0.4078,100456
RS,0.43225,103,103,random,TINYIMAGENET,469,main_b1000_tinyimagenet_alexnet_RS_kp25_seed456,0.25,0.39965,False,0.25,alexnet,0.25,TINYIMAGENET_alexnet_RS_accuracy_kp2500_seed456,456,20000,469,42,accuracy,100456,0.39965,1,2.9806905540943145,17.165007710456848,10,2.9806905540943145,valid,0.39909336595277095,0.4770965654472867,0.39965000000000006,100456
RS,0.43225,103,103,random,TINYIMAGENET,470,main_b1000_tinyimagenet_alexnet_RS_kp25_seed456,0.25,0.4115,False,0.25,alexnet,0.25,TINYIMAGENET_alexnet_RS_accuracy_kp2500_seed456,456,20000,470,42,accuracy,100456,0.4115,1,2.927600094151497,17.279803045094013,10,2.927600094151497,valid,0.40602758773002307,0.47221528002495566,0.4115,100456
RS,0.43225,103,103,random,TINYIMAGENET,471,main_b1000_tinyimagenet_alexnet_RS_kp25_seed456,0.25,0.404,False,0.25,alexnet,0.25,TINYIMAGENET_alexnet_RS_accuracy_kp2500_seed456,456,20000,471,42,accuracy,100456,0.404,1,2.974477790546417,17.13930819928646,10,2.974477790546417,valid,0.4017208208570924,0.47658695038756405,0.40399999999999997,100456
RS,0.43225,103,103,random,TINYIMAGENET,472,main_b1000_tinyimagenet_alexnet_RS_kp25_seed456,0.25,0.39985,False,0.25,alexnet,0.25,TINYIMAGENET_alexnet_RS_accuracy_kp2500_seed456,456,20000,472,42,accuracy,100456,0.39985,1,2.9933700786590576,17.17636501789093,10,2.9933700786590576,valid,0.3986190117764691,0.4763264751497611,0.39985,100456
RS,0.43225,103,103,random,TINYIMAGENET,473,main_b1000_tinyimagenet_alexnet_RS_kp25_seed456,0.25,0.4227,False,0.25,alexnet,0.25,TINYIMAGENET_alexnet_RS_accuracy_kp2500_seed456,456,20000,473,42,accuracy,100456,0.4227,2,2.9655203891277315,17.175528809428215,10,2.9655203891277315,valid,0.4222344705838219,0.4697929642146829,0.4227,100456
RS,0.43225,103,103,random,TINYIMAGENET,474,main_b1000_tinyimagenet_alexnet_RS_kp25_seed456,0.25,0.40965,False,0.25,alexnet,0.25,TINYIMAGENET_alexnet_RS_accuracy_kp2500_seed456,456,20000,474,42,accuracy,100456,0.40965,1,2.906066329741478,17.259065181016922,10,2.906066329741478,valid,0.405171217503392,0.4654933873132838,0.40965,100456
RS,0.43225,103,103,random,TINYIMAGENET,475,main_b1000_tinyimagenet_alexnet_RS_kp25_seed456,0.25,0.4112,False,0.25,alexnet,0.25,TINYIMAGENET_alexnet_RS_accuracy_kp2500_seed456,456,20000,475,42,accuracy,100456,0.4112,1,2.9665969953536986,17.169657945632935,10,2.9665969953536986,valid,0.4047438420722375,0.47712676667501874,0.41120000000000007,100456
RS,0.43225,103,103,random,TINYIMAGENET,476,main_b1000_tinyimagenet_alexnet_RS_kp25_seed456,0.25,0.4153,False,0.25,alexnet,0.25,TINYIMAGENET_alexnet_RS_accuracy_kp2500_seed456,456,20000,476,42,accuracy,100456,0.4153,1,2.922428903722763,17.161863304674625,10,2.922428903722763,valid,0.411417324939803,0.47225727586764393,0.4153,100456
RS,0.43225,103,103,random,TINYIMAGENET,477,main_b1000_tinyimagenet_alexnet_RS_kp25_seed456,0.25,0.4101,False,0.25,alexnet,0.25,TINYIMAGENET_alexnet_RS_accuracy_kp2500_seed456,456,20000,477,42,accuracy,100456,0.4101,1,2.9489283246040343,17.28913514316082,10,2.9489283246040343,valid,0.4089441362529507,0.48718636539210947,0.4101000000000001,100456
RS,0.43225,103,103,random,TINYIMAGENET,478,main_b1000_tinyimagenet_alexnet_RS_kp25_seed456,0.25,0.41475,False,0.25,alexnet,0.25,TINYIMAGENET_alexnet_RS_accuracy_kp2500_seed456,456,20000,478,42,accuracy,100456,0.41475,1,2.9122262315273284,17.158264182507992,10,2.9122262315273284,valid,0.40799228074407495,0.47102594931573305,0.41474999999999995,100456
RS,0.43225,103,103,random,TINYIMAGENET,479,main_b1000_tinyimagenet_alexnet_RS_kp25_seed456,0.25,0.4245,False,0.25,alexnet,0.25,TINYIMAGENET_alexnet_RS_accuracy_kp2500_seed456,456,20000,479,42,accuracy,100456,0.4245,2,2.949331974506378,17.18845507502556,10,2.949331974506378,valid,0.4234329814076705,0.4658290873113062,0.42449999999999993,100456
RS,0.43225,103,103,random,TINYIMAGENET,480,main_b1000_tinyimagenet_alexnet_RS_kp25_seed456,0.25,0.4158,False,0.25,alexnet,0.25,TINYIMAGENET_alexnet_RS_accuracy_kp2500_seed456,456,20000,480,42,accuracy,100456,0.4158,1,2.9351497834205627,17.2558788433671,10,2.9351497834205627,valid,0.4086442580456799,0.46923338428159056,0.4158,100456
RS,0.43225,103,103,random,TINYIMAGENET,481,main_b1000_tinyimagenet_alexnet_RS_kp25_seed456,0.25,0.40705,False,0.25,alexnet,0.25,TINYIMAGENET_alexnet_RS_accuracy_kp2500_seed456,456,20000,481,42,accuracy,100456,0.40705,1,2.923270056629181,17.18925143033266,10,2.923270056629181,valid,0.4072807591374685,0.4781058156040416,0.4070500000000001,100456
RS,0.43225,103,103,random,TINYIMAGENET,482,main_b1000_tinyimagenet_alexnet_RS_kp25_seed456,0.25,0.42665,False,0.25,alexnet,0.25,TINYIMAGENET_alexnet_RS_accuracy_kp2500_seed456,456,20000,482,42,accuracy,100456,0.42665,2,2.9853624658107756,17.152541793882847,10,2.9853624658107756,valid,0.4271133278383179,0.48357070660105195,0.42665,100456
RS,0.43225,103,103,random,TINYIMAGENET,483,main_b1000_tinyimagenet_alexnet_RS_kp25_seed456,0.25,0.4068,False,0.25,alexnet,0.25,TINYIMAGENET_alexnet_RS_accuracy_kp2500_seed456,456,20000,483,42,accuracy,100456,0.4068,1,2.936988813209534,17.183497942984104,10,2.936988813209534,valid,0.4042576166137895,0.47938045700245374,0.4068,100456
RS,0.43225,103,103,random,TINYIMAGENET,484,main_b1000_tinyimagenet_alexnet_RS_kp25_seed456,0.25,0.4182,False,0.25,alexnet,0.25,TINYIMAGENET_alexnet_RS_accuracy_kp2500_seed456,456,20000,484,42,accuracy,100456,0.4182,2,3.001104450416565,17.305956408381462,10,3.001104450416565,valid,0.4172228772328582,0.4737594774281962,0.4182,100456
RS,0.43225,103,103,random,TINYIMAGENET,485,main_b1000_tinyimagenet_alexnet_RS_kp25_seed456,0.25,0.40155,False,0.25,alexnet,0.25,TINYIMAGENET_alexnet_RS_accuracy_kp2500_seed456,456,20000,485,42,accuracy,100456,0.40155,1,2.9858892307281493,17.097636058926582,10,2.9858892307281493,valid,0.3919133658414765,0.4659285987713798,0.40155,100456
RS,0.43225,103,103,random,TINYIMAGENET,486,main_b1000_tinyimagenet_alexnet_RS_kp25_seed456,0.25,0.4008,False,0.25,alexnet,0.25,TINYIMAGENET_alexnet_RS_accuracy_kp2500_seed456,456,20000,486,42,accuracy,100456,0.4008,1,3.009189945411682,17.20255706459284,10,3.009189945411682,valid,0.3976921677307794,0.47138025258111277,0.4008,100456
RS,0.43225,103,103,random,TINYIMAGENET,487,main_b1000_tinyimagenet_alexnet_RS_kp25_seed456,0.25,0.41925,False,0.25,alexnet,0.25,TINYIMAGENET_alexnet_RS_accuracy_kp2500_seed456,456,20000,487,42,accuracy,100456,0.41925,1,2.8741910219192506,17.258785761892796,10,2.8741910219192506,valid,0.41562719709574336,0.47252312057851725,0.41924999999999996,100456
RS,0.43225,103,103,random,TINYIMAGENET,488,main_b1000_tinyimagenet_alexnet_RS_kp25_seed456,0.25,0.39625,False,0.25,alexnet,0.25,TINYIMAGENET_alexnet_RS_accuracy_kp2500_seed456,456,20000,488,42,accuracy,100456,0.39625,1,3.0376060317516327,17.199417777359486,10,3.0376060317516327,valid,0.3944517900412475,0.47713946990075956,0.39625,100456
RS,0.43225,103,103,random,TINYIMAGENET,489,main_b1000_tinyimagenet_alexnet_RS_kp25_seed456,0.25,0.40735,False,0.25,alexnet,0.25,TINYIMAGENET_alexnet_RS_accuracy_kp2500_seed456,456,20000,489,42,accuracy,100456,0.40735,1,2.9591219688892365,17.154145300388336,10,2.9591219688892365,valid,0.4013174193805419,0.48044015617232516,0.40735,100456
RS,0.43225,103,103,random,TINYIMAGENET,490,main_b1000_tinyimagenet_alexnet_RS_kp25_seed456,0.25,0.4058,False,0.25,alexnet,0.25,TINYIMAGENET_alexnet_RS_accuracy_kp2500_seed456,456,20000,490,42,accuracy,100456,0.4058,1,2.955824125981331,17.218749478459358,10,2.955824125981331,valid,0.4008301420187824,0.46075100947411207,0.40580000000000005,100456
RS,0.43225,103,103,random,TINYIMAGENET,491,main_b1000_tinyimagenet_alexnet_RS_kp25_seed456,0.25,0.40225,False,0.25,alexnet,0.25,TINYIMAGENET_alexnet_RS_accuracy_kp2500_seed456,456,20000,491,42,accuracy,100456,0.40225,1,2.9999025573253633,17.308596342802048,10,2.9999025573253633,valid,0.40332000967629056,0.4775597536568692,0.40224999999999994,100456
RS,0.43225,103,103,random,TINYIMAGENET,492,main_b1000_tinyimagenet_alexnet_RS_kp25_seed456,0.25,0.4102,False,0.25,alexnet,0.25,TINYIMAGENET_alexnet_RS_accuracy_kp2500_seed456,456,20000,492,42,accuracy,100456,0.4102,1,2.9489167254447937,17.128193117678165,10,2.9489167254447937,valid,0.4066926116551936,0.47882172632689646,0.41019999999999995,100456
RS,0.43225,103,103,random,TINYIMAGENET,493,main_b1000_tinyimagenet_alexnet_RS_kp25_seed456,0.25,0.41375,False,0.25,alexnet,0.25,TINYIMAGENET_alexnet_RS_accuracy_kp2500_seed456,456,20000,493,42,accuracy,100456,0.41375,1,2.9467374589920046,17.20651926845312,10,2.9467374589920046,valid,0.4113654557167483,0.4775198658478278,0.41375,100456
RS,0.43225,103,103,random,TINYIMAGENET,494,main_b1000_tinyimagenet_alexnet_RS_kp25_seed456,0.25,0.40845,False,0.25,alexnet,0.25,TINYIMAGENET_alexnet_RS_accuracy_kp2500_seed456,456,20000,494,42,accuracy,100456,0.40845,1,2.953930012893677,17.259384743869305,10,2.953930012893677,valid,0.4046916158900738,0.47742220984187,0.40845000000000004,100456
RS,0.43225,103,103,random,TINYIMAGENET,495,main_b1000_tinyimagenet_alexnet_RS_kp25_seed456,0.25,0.40715,False,0.25,alexnet,0.25,TINYIMAGENET_alexnet_RS_accuracy_kp2500_seed456,456,20000,495,42,accuracy,100456,0.40715,1,2.956844005680084,17.239123478531837,10,2.956844005680084,valid,0.4036093853549583,0.47372883744547784,0.40715,100456
RS,0.43225,103,103,random,TINYIMAGENET,496,main_b1000_tinyimagenet_alexnet_RS_kp25_seed456,0.25,0.4175,False,0.25,alexnet,0.25,TINYIMAGENET_alexnet_RS_accuracy_kp2500_seed456,456,20000,496,42,accuracy,100456,0.4175,1,2.893258565759659,17.19671604037285,10,2.893258565759659,valid,0.4108876671495206,0.4714543111999059,0.4175,100456
RS,0.43225,103,103,random,TINYIMAGENET,497,main_b1000_tinyimagenet_alexnet_RS_kp25_seed456,0.25,0.41105,False,0.25,alexnet,0.25,TINYIMAGENET_alexnet_RS_accuracy_kp2500_seed456,456,20000,497,42,accuracy,100456,0.41105,1,2.946524695301056,17.224613301455975,10,2.946524695301056,valid,0.40798766035247913,0.47502753710689966,0.41105,100456
RS,0.43225,103,103,random,TINYIMAGENET,498,main_b1000_tinyimagenet_alexnet_RS_kp25_seed456,0.25,0.4116,False,0.25,alexnet,0.25,TINYIMAGENET_alexnet_RS_accuracy_kp2500_seed456,456,20000,498,42,accuracy,100456,0.4116,1,2.9225040166378022,17.308551631867886,10,2.9225040166378022,valid,0.4099228202519154,0.47553780857834627,0.4116,100456
RS,0.43225,103,103,random,TINYIMAGENET,499,main_b1000_tinyimagenet_alexnet_RS_kp25_seed456,0.25,0.41265,False,0.25,alexnet,0.25,TINYIMAGENET_alexnet_RS_accuracy_kp2500_seed456,456,20000,499,42,accuracy,100456,0.41265,1,2.94025756649971,17.11439797282219,10,2.94025756649971,valid,0.4099232452662856,0.46718964331732465,0.41265,100456
RS,0.43225,103,103,random,TINYIMAGENET,500,main_b1000_tinyimagenet_alexnet_RS_kp25_seed456,0.25,0.42325,False,0.25,alexnet,0.25,TINYIMAGENET_alexnet_RS_accuracy_kp2500_seed456,456,20000,500,42,accuracy,100456,0.42325,2,3.0063106201171874,17.211158499121666,10,3.0063106201171874,valid,0.4213315477194554,0.47685463791853555,0.42325,100456
RS,0.43225,103,103,random,TINYIMAGENET,501,main_b1000_tinyimagenet_alexnet_RS_kp25_seed456,0.25,0.4145,False,0.25,alexnet,0.25,TINYIMAGENET_alexnet_RS_accuracy_kp2500_seed456,456,20000,501,42,accuracy,100456,0.4145,1,2.9157725732803343,17.230973698198795,10,2.9157725732803343,valid,0.40836411451748994,0.46914713665835933,0.41450000000000004,100456
RS,0.43225,103,103,random,TINYIMAGENET,502,main_b1000_tinyimagenet_alexnet_RS_kp25_seed456,0.25,0.4153,False,0.25,alexnet,0.25,TINYIMAGENET_alexnet_RS_accuracy_kp2500_seed456,456,20000,502,42,accuracy,100456,0.4153,1,2.909122224998474,17.284493505954742,10,2.909122224998474,valid,0.40688273748549514,0.4782352812987512,0.4153,100456
RS,0.43225,103,103,random,TINYIMAGENET,503,main_b1000_tinyimagenet_alexnet_RS_kp25_seed456,0.25,0.4106,False,0.25,alexnet,0.25,TINYIMAGENET_alexnet_RS_accuracy_kp2500_seed456,456,20000,503,42,accuracy,100456,0.4106,1,2.985994597029686,17.22021358460188,10,2.985994597029686,valid,0.40516378601310576,0.48062537357368895,0.4106,100456
RS,0.43225,103,103,random,TINYIMAGENET,504,main_b1000_tinyimagenet_alexnet_RS_kp25_seed456,0.25,0.4048,False,0.25,alexnet,0.25,TINYIMAGENET_alexnet_RS_accuracy_kp2500_seed456,456,20000,504,42,accuracy,100456,0.4048,1,2.978099647951126,17.192886985838413,10,2.978099647951126,valid,0.4067481844567492,0.4805494112365891,0.40480000000000005,100456
RS,0.43225,103,103,random,TINYIMAGENET,505,main_b1000_tinyimagenet_alexnet_RS_kp25_seed456,0.25,0.4064,False,0.25,alexnet,0.25,TINYIMAGENET_alexnet_RS_accuracy_kp2500_seed456,456,20000,505,42,accuracy,100456,0.4064,1,2.967460219192505,17.29018674045801,10,2.967460219192505,valid,0.39982390539989515,0.4803701401369769,0.4064,100456
RS,0.43225,103,103,random,TINYIMAGENET,506,main_b1000_tinyimagenet_alexnet_RS_kp25_seed456,0.25,0.4067,False,0.25,alexnet,0.25,TINYIMAGENET_alexnet_RS_accuracy_kp2500_seed456,456,20000,506,42,accuracy,100456,0.4067,1,2.9858858268260957,17.201636791229248,10,2.9858858268260957,valid,0.4051484112374388,0.4848255634027903,0.4067,100456
RS,0.43225,103,103,random,TINYIMAGENET,507,main_b1000_tinyimagenet_alexnet_RS_kp25_seed456,0.25,0.4101,False,0.25,alexnet,0.25,TINYIMAGENET_alexnet_RS_accuracy_kp2500_seed456,456,20000,507,42,accuracy,100456,0.4101,1,2.949258759355545,17.207632787525654,10,2.949258759355545,valid,0.4073158768211737,0.4719077958545189,0.4101000000000001,100456
RS,0.43225,103,103,random,TINYIMAGENET,508,main_b1000_tinyimagenet_alexnet_RS_kp25_seed456,0.25,0.41655,False,0.25,alexnet,0.25,TINYIMAGENET_alexnet_RS_accuracy_kp2500_seed456,456,20000,508,42,accuracy,100456,0.41655,1,2.907751006364822,17.259606890380383,10,2.907751006364822,valid,0.40961698308818784,0.47344076456444484,0.41655000000000003,100456
RS,0.43225,103,103,random,TINYIMAGENET,509,main_b1000_tinyimagenet_alexnet_RS_kp25_seed456,0.25,0.4039,False,0.25,alexnet,0.25,TINYIMAGENET_alexnet_RS_accuracy_kp2500_seed456,456,20000,509,42,accuracy,100456,0.4039,1,2.981496562385559,17.245066814124584,10,2.981496562385559,valid,0.4029288408795783,0.4774113370690736,0.4039,100456
RS,0.43225,103,103,random,TINYIMAGENET,510,main_b1000_tinyimagenet_alexnet_RS_kp25_seed456,0.25,0.40955,False,0.25,alexnet,0.25,TINYIMAGENET_alexnet_RS_accuracy_kp2500_seed456,456,20000,510,42,accuracy,100456,0.40955,1,2.897304265165329,17.130730740725994,10,2.897304265165329,valid,0.4099235508497066,0.4732227944650792,0.40954999999999997,100456
RS,0.43225,103,103,random,TINYIMAGENET,511,main_b1000_tinyimagenet_alexnet_RS_kp25_seed456,0.25,0.41495,False,0.25,alexnet,0.25,TINYIMAGENET_alexnet_RS_accuracy_kp2500_seed456,456,20000,511,42,accuracy,100456,0.41495,1,2.9619837155818938,17.200055301189423,10,2.9619837155818938,valid,0.4080381272601609,0.48163045433634066,0.41495,100456
RS,0.43225,103,103,random,TINYIMAGENET,512,main_b1000_tinyimagenet_alexnet_RS_kp25_seed456,0.25,0.40735,False,0.25,alexnet,0.25,TINYIMAGENET_alexnet_RS_accuracy_kp2500_seed456,456,20000,512,42,accuracy,100456,0.40735,1,2.936121686553955,17.29104920476675,10,2.936121686553955,valid,0.4076428084503818,0.4693806769668133,0.40735,100456
RS,0.43225,103,103,random,TINYIMAGENET,513,main_b1000_tinyimagenet_alexnet_RS_kp25_seed456,0.25,0.42445,False,0.25,alexnet,0.25,TINYIMAGENET_alexnet_RS_accuracy_kp2500_seed456,456,20000,513,42,accuracy,100456,0.42445,2,2.966436137390137,17.157184928655624,10,2.966436137390137,valid,0.4232966593059975,0.46815075814402746,0.42444999999999994,100456
RS,0.43225,103,103,random,TINYIMAGENET,514,main_b1000_tinyimagenet_alexnet_RS_kp25_seed456,0.25,0.411,False,0.25,alexnet,0.25,TINYIMAGENET_alexnet_RS_accuracy_kp2500_seed456,456,20000,514,42,accuracy,100456,0.411,1,2.923834179019928,17.191229857504368,10,2.923834179019928,valid,0.4093324640015142,0.47792063168908105,0.41100000000000003,100456
RS,0.43225,103,103,random,TINYIMAGENET,515,main_b1000_tinyimagenet_alexnet_RS_kp25_seed456,0.25,0.40625,False,0.25,alexnet,0.25,TINYIMAGENET_alexnet_RS_accuracy_kp2500_seed456,456,20000,515,42,accuracy,100456,0.40625,1,2.9613101375579833,17.258174784481525,10,2.9613101375579833,valid,0.4036495499703681,0.4746237013710561,0.40625,100456
RS,0.43225,103,103,random,TINYIMAGENET,516,main_b1000_tinyimagenet_alexnet_RS_kp25_seed456,0.25,0.4252,False,0.25,alexnet,0.25,TINYIMAGENET_alexnet_RS_accuracy_kp2500_seed456,456,20000,516,42,accuracy,100456,0.4252,2,2.962068896818161,17.334022350609303,10,2.962068896818161,valid,0.42520675499159055,0.4745395942792749,0.42519999999999997,100456
RS,0.43225,103,103,random,TINYIMAGENET,517,main_b1000_tinyimagenet_alexnet_RS_kp25_seed456,0.25,0.4156,False,0.25,alexnet,0.25,TINYIMAGENET_alexnet_RS_accuracy_kp2500_seed456,456,20000,517,42,accuracy,100456,0.4156,1,2.907217674446106,17.17614432424307,10,2.907217674446106,valid,0.41100231182860747,0.4716610669565332,0.4156,100456
RS,0.43225,103,103,random,TINYIMAGENET,518,main_b1000_tinyimagenet_alexnet_RS_kp25_seed456,0.25,0.4135,False,0.25,alexnet,0.25,TINYIMAGENET_alexnet_RS_accuracy_kp2500_seed456,456,20000,518,42,accuracy,100456,0.4135,1,2.9107917294979098,17.27014761418104,10,2.9107917294979098,valid,0.4105734618251838,0.4767752061359445,0.41350000000000003,100456
RS,0.43225,103,103,random,TINYIMAGENET,519,main_b1000_tinyimagenet_alexnet_RS_kp25_seed456,0.25,0.4106,False,0.25,alexnet,0.25,TINYIMAGENET_alexnet_RS_accuracy_kp2500_seed456,456,20000,519,42,accuracy,100456,0.4106,1,2.930809764289856,17.23968081921339,10,2.930809764289856,valid,0.4078014306536882,0.48251542038531736,0.4106,100456
RS,0.43225,103,103,random,TINYIMAGENET,520,main_b1000_tinyimagenet_alexnet_RS_kp25_seed456,0.25,0.41555,False,0.25,alexnet,0.25,TINYIMAGENET_alexnet_RS_accuracy_kp2500_seed456,456,20000,520,42,accuracy,100456,0.41555,2,3.03194348692894,17.217995576560497,10,3.03194348692894,valid,0.41842893218127086,0.4731684525509499,0.4155500000000001,100456
RS,0.43225,103,103,random,TINYIMAGENET,521,main_b1000_tinyimagenet_alexnet_RS_kp25_seed456,0.25,0.4186,False,0.25,alexnet,0.25,TINYIMAGENET_alexnet_RS_accuracy_kp2500_seed456,456,20000,521,42,accuracy,100456,0.4186,2,2.9876795038700106,17.19020389020443,10,2.9876795038700106,valid,0.416003322438287,0.4726385828938258,0.4185999999999999,100456
RS,0.43225,103,103,random,TINYIMAGENET,522,main_b1000_tinyimagenet_alexnet_RS_kp25_seed456,0.25,0.41065,False,0.25,alexnet,0.25,TINYIMAGENET_alexnet_RS_accuracy_kp2500_seed456,456,20000,522,42,accuracy,100456,0.41065,1,2.9887411021232606,17.28557725250721,10,2.9887411021232606,valid,0.40284746020382955,0.4603290332488863,0.41065000000000007,100456
RS,0.43225,103,103,random,TINYIMAGENET,523,main_b1000_tinyimagenet_alexnet_RS_kp25_seed456,0.25,0.4108,False,0.25,alexnet,0.25,TINYIMAGENET_alexnet_RS_accuracy_kp2500_seed456,456,20000,523,42,accuracy,100456,0.4108,1,2.9683605909347532,17.278413608670235,10,2.9683605909347532,valid,0.4029621421016846,0.47074464274097394,0.41080000000000005,100456
RS,0.43225,103,103,random,TINYIMAGENET,524,main_b1000_tinyimagenet_alexnet_RS_kp25_seed456,0.25,0.4039,False,0.25,alexnet,0.25,TINYIMAGENET_alexnet_RS_accuracy_kp2500_seed456,456,20000,524,42,accuracy,100456,0.4039,1,2.9860875007629395,17.160040862858295,10,2.9860875007629395,valid,0.4014279097902157,0.4699785555895473,0.4039,100456
RS,0.43225,103,103,random,TINYIMAGENET,525,main_b1000_tinyimagenet_alexnet_RS_kp25_seed456,0.25,0.41395,False,0.25,alexnet,0.25,TINYIMAGENET_alexnet_RS_accuracy_kp2500_seed456,456,20000,525,42,accuracy,100456,0.41395,1,2.9107559960365297,17.23428463935852,10,2.9107559960365297,valid,0.41090719263679754,0.4760150038482318,0.41395000000000004,100456
RS,0.43225,103,103,random,TINYIMAGENET,526,main_b1000_tinyimagenet_alexnet_RS_kp25_seed456,0.25,0.4115,False,0.25,alexnet,0.25,TINYIMAGENET_alexnet_RS_accuracy_kp2500_seed456,456,20000,526,42,accuracy,100456,0.4115,1,2.973719240093231,17.319327488541603,10,2.973719240093231,valid,0.4095982572148904,0.48308783903187397,0.41150000000000003,100456
RS,0.43225,103,103,random,TINYIMAGENET,527,main_b1000_tinyimagenet_alexnet_RS_kp25_seed456,0.25,0.41295,False,0.25,alexnet,0.25,TINYIMAGENET_alexnet_RS_accuracy_kp2500_seed456,456,20000,527,42,accuracy,100456,0.41295,1,2.9409199322223665,17.14960664510727,10,2.9409199322223665,valid,0.4060072255114043,0.4706531786965846,0.41295000000000004,100456
RS,0.43225,103,103,random,TINYIMAGENET,528,main_b1000_tinyimagenet_alexnet_RS_kp25_seed456,0.25,0.4092,False,0.25,alexnet,0.25,TINYIMAGENET_alexnet_RS_accuracy_kp2500_seed456,456,20000,528,42,accuracy,100456,0.4092,1,2.9200962529659273,17.1719578653574,10,2.9200962529659273,valid,0.40530129639377077,0.47051878978002437,0.4092,100456
RS,0.43225,103,103,random,TINYIMAGENET,529,main_b1000_tinyimagenet_alexnet_RS_kp25_seed456,0.25,0.41045,False,0.25,alexnet,0.25,TINYIMAGENET_alexnet_RS_accuracy_kp2500_seed456,456,20000,529,42,accuracy,100456,0.41045,1,2.959159632396698,17.21251743286848,10,2.959159632396698,valid,0.4068877752761268,0.47440067256483454,0.41045000000000004,100456
RS,0.43225,103,103,random,TINYIMAGENET,530,main_b1000_tinyimagenet_alexnet_RS_kp25_seed456,0.25,0.40515,False,0.25,alexnet,0.25,TINYIMAGENET_alexnet_RS_accuracy_kp2500_seed456,456,20000,530,42,accuracy,100456,0.40515,1,2.988269169807434,17.282355569303036,10,2.988269169807434,valid,0.39943656059248256,0.47296448318747325,0.40515,100456
RS,0.43225,103,103,random,TINYIMAGENET,531,main_b1000_tinyimagenet_alexnet_RS_kp25_seed456,0.25,0.42155,False,0.25,alexnet,0.25,TINYIMAGENET_alexnet_RS_accuracy_kp2500_seed456,456,20000,531,42,accuracy,100456,0.42155,2,2.988665511083603,17.168060526251793,10,2.988665511083603,valid,0.42141315701160514,0.47174960647339886,0.42155000000000004,100456
RS,0.43225,103,103,random,TINYIMAGENET,532,main_b1000_tinyimagenet_alexnet_RS_kp25_seed456,0.25,0.40995,False,0.25,alexnet,0.25,TINYIMAGENET_alexnet_RS_accuracy_kp2500_seed456,456,20000,532,42,accuracy,100456,0.40995,1,2.924515829658508,17.210664466023445,10,2.924515829658508,valid,0.4059141941173145,0.46818754167940774,0.40995000000000004,100456
RS,0.43225,103,103,random,TINYIMAGENET,533,main_b1000_tinyimagenet_alexnet_RS_kp25_seed456,0.25,0.4136,False,0.25,alexnet,0.25,TINYIMAGENET_alexnet_RS_accuracy_kp2500_seed456,456,20000,533,42,accuracy,100456,0.4136,1,2.914436492347717,17.329307690262794,10,2.914436492347717,valid,0.4061858787407928,0.46848227789921565,0.41359999999999997,100456
RS,0.43225,103,103,random,TINYIMAGENET,534,main_b1000_tinyimagenet_alexnet_RS_kp25_seed456,0.25,0.41135,False,0.25,alexnet,0.25,TINYIMAGENET_alexnet_RS_accuracy_kp2500_seed456,456,20000,534,42,accuracy,100456,0.41135,1,2.925653402495384,17.164577156305313,10,2.925653402495384,valid,0.4096521981639388,0.4804518688745387,0.41135000000000005,100456
RS,0.43225,103,103,random,TINYIMAGENET,535,main_b1000_tinyimagenet_alexnet_RS_kp25_seed456,0.25,0.40105,False,0.25,alexnet,0.25,TINYIMAGENET_alexnet_RS_accuracy_kp2500_seed456,456,20000,535,42,accuracy,100456,0.40105,1,3.038885262155533,17.240516297519207,10,3.038885262155533,valid,0.39637775937877456,0.4830826847337758,0.40105,100456
RS,0.43225,103,103,random,TINYIMAGENET,536,main_b1000_tinyimagenet_alexnet_RS_kp25_seed456,0.25,0.41205,False,0.25,alexnet,0.25,TINYIMAGENET_alexnet_RS_accuracy_kp2500_seed456,456,20000,536,42,accuracy,100456,0.41205,1,2.9429968598365783,17.262080058455467,10,2.9429968598365783,valid,0.4065551781026906,0.4641027070255231,0.41204999999999997,100456
RS,0.43225,103,103,random,TINYIMAGENET,537,main_b1000_tinyimagenet_alexnet_RS_kp25_seed456,0.25,0.41075,False,0.25,alexnet,0.25,TINYIMAGENET_alexnet_RS_accuracy_kp2500_seed456,456,20000,537,42,accuracy,100456,0.41075,1,2.972879196214676,17.298930555582047,10,2.972879196214676,valid,0.4022258752946229,0.47289655348045584,0.41075,100456
RS,0.43225,103,103,random,TINYIMAGENET,538,main_b1000_tinyimagenet_alexnet_RS_kp25_seed456,0.25,0.4056,False,0.25,alexnet,0.25,TINYIMAGENET_alexnet_RS_accuracy_kp2500_seed456,456,20000,538,42,accuracy,100456,0.4056,1,2.9605794548988342,17.154748663306236,10,2.9605794548988342,valid,0.4075838276139588,0.4770759062481644,0.4056,100456
RS,0.43225,103,103,random,TINYIMAGENET,539,main_b1000_tinyimagenet_alexnet_RS_kp25_seed456,0.25,0.4151,False,0.25,alexnet,0.25,TINYIMAGENET_alexnet_RS_accuracy_kp2500_seed456,456,20000,539,42,accuracy,100456,0.4151,1,2.9420766442775728,17.283890925347805,10,2.9420766442775728,valid,0.4089214585278538,0.4714343901376196,0.41509999999999997,100456
RS,0.43225,103,103,random,TINYIMAGENET,540,main_b1000_tinyimagenet_alexnet_RS_kp25_seed456,0.25,0.407,False,0.25,alexnet,0.25,TINYIMAGENET_alexnet_RS_accuracy_kp2500_seed456,456,20000,540,42,accuracy,100456,0.407,1,3.0078294281959534,17.272941917181015,10,3.0078294281959534,valid,0.40433484343633685,0.48239033884024446,0.40700000000000003,100456
RS,0.43225,103,103,random,TINYIMAGENET,541,main_b1000_tinyimagenet_alexnet_RS_kp25_seed456,0.25,0.4128,False,0.25,alexnet,0.25,TINYIMAGENET_alexnet_RS_accuracy_kp2500_seed456,456,20000,541,42,accuracy,100456,0.4128,1,2.9376703619003295,17.166573226451874,10,2.9376703619003295,valid,0.4125558586908582,0.4860795306127362,0.4128,100456
RS,0.43225,103,103,random,TINYIMAGENET,542,main_b1000_tinyimagenet_alexnet_RS_kp25_seed456,0.25,0.406,False,0.25,alexnet,0.25,TINYIMAGENET_alexnet_RS_accuracy_kp2500_seed456,456,20000,542,42,accuracy,100456,0.406,1,2.9465884239673614,17.53658700734377,10,2.9465884239673614,valid,0.4034001406095926,0.47331043701297465,0.4059999999999999,100456
RS,0.43225,103,103,random,TINYIMAGENET,543,main_b1000_tinyimagenet_alexnet_RS_kp25_seed456,0.25,0.40705,False,0.25,alexnet,0.25,TINYIMAGENET_alexnet_RS_accuracy_kp2500_seed456,456,20000,543,42,accuracy,100456,0.40705,1,2.923675952529907,17.178420782089233,10,2.923675952529907,valid,0.40867053505428513,0.48056433254424646,0.40704999999999997,100456
RS,0.43225,103,103,random,TINYIMAGENET,544,main_b1000_tinyimagenet_alexnet_RS_kp25_seed456,0.25,0.4221,False,0.25,alexnet,0.25,TINYIMAGENET_alexnet_RS_accuracy_kp2500_seed456,456,20000,544,42,accuracy,100456,0.4221,2,3.0037937926292417,17.316488958895206,10,3.0037937926292417,valid,0.4196808807262437,0.47183075709031497,0.4221000000000001,100456
RS,0.43225,103,103,random,TINYIMAGENET,545,main_b1000_tinyimagenet_alexnet_RS_kp25_seed456,0.25,0.40465,False,0.25,alexnet,0.25,TINYIMAGENET_alexnet_RS_accuracy_kp2500_seed456,456,20000,545,42,accuracy,100456,0.40465,1,2.9759094191074373,17.129236921668053,10,2.9759094191074373,valid,0.4016459306582638,0.4713819871877664,0.40465,100456
RS,0.43225,103,103,random,TINYIMAGENET,546,main_b1000_tinyimagenet_alexnet_RS_kp25_seed456,0.25,0.4039,False,0.25,alexnet,0.25,TINYIMAGENET_alexnet_RS_accuracy_kp2500_seed456,456,20000,546,42,accuracy,100456,0.4039,1,2.990764972114563,17.23706267774105,10,2.990764972114563,valid,0.3995003442072069,0.47791770980109916,0.4039,100456
RS,0.43225,103,103,random,TINYIMAGENET,547,main_b1000_tinyimagenet_alexnet_RS_kp25_seed456,0.25,0.41315,False,0.25,alexnet,0.25,TINYIMAGENET_alexnet_RS_accuracy_kp2500_seed456,456,20000,547,42,accuracy,100456,0.41315,1,2.938417267990112,17.29000786691904,10,2.938417267990112,valid,0.40954719619340296,0.47903084123310047,0.41314999999999996,100456
RS,0.43225,103,103,random,TINYIMAGENET,548,main_b1000_tinyimagenet_alexnet_RS_kp25_seed456,0.25,0.41985,False,0.25,alexnet,0.25,TINYIMAGENET_alexnet_RS_accuracy_kp2500_seed456,456,20000,548,42,accuracy,100456,0.41985,2,2.9576543509960174,17.244897417724133,10,2.9576543509960174,valid,0.41832119480331703,0.46312067574382104,0.41985,100456
RS,0.43225,103,103,random,TINYIMAGENET,549,main_b1000_tinyimagenet_alexnet_RS_kp25_seed456,0.25,0.39665,False,0.25,alexnet,0.25,TINYIMAGENET_alexnet_RS_accuracy_kp2500_seed456,456,20000,549,42,accuracy,100456,0.39665,1,3.02305743932724,17.185523711144924,10,3.02305743932724,valid,0.3995972799404196,0.49075839764431506,0.39665,100456
RS,0.43225,103,103,random,TINYIMAGENET,550,main_b1000_tinyimagenet_alexnet_RS_kp25_seed456,0.25,0.40765,False,0.25,alexnet,0.25,TINYIMAGENET_alexnet_RS_accuracy_kp2500_seed456,456,20000,550,42,accuracy,100456,0.40765,1,2.971725321531296,17.204969979822636,10,2.971725321531296,valid,0.4040839849276226,0.47160776761378304,0.40765,100456
RS,0.43225,103,103,random,TINYIMAGENET,551,main_b1000_tinyimagenet_alexnet_RS_kp25_seed456,0.25,0.4097,False,0.25,alexnet,0.25,TINYIMAGENET_alexnet_RS_accuracy_kp2500_seed456,456,20000,551,42,accuracy,100456,0.4097,1,2.940863482570648,17.32666076719761,10,2.940863482570648,valid,0.408224115211504,0.4805778092711397,0.4097,100456
RS,0.43225,103,103,random,TINYIMAGENET,552,main_b1000_tinyimagenet_alexnet_RS_kp25_seed456,0.25,0.3994,False,0.25,alexnet,0.25,TINYIMAGENET_alexnet_RS_accuracy_kp2500_seed456,456,20000,552,42,accuracy,100456,0.3994,1,3.014873982810974,17.194892548024654,10,3.014873982810974,valid,0.3975760686947126,0.477279780866304,0.3994,100456
RS,0.43225,103,103,random,TINYIMAGENET,553,main_b1000_tinyimagenet_alexnet_RS_kp25_seed456,0.25,0.40895,False,0.25,alexnet,0.25,TINYIMAGENET_alexnet_RS_accuracy_kp2500_seed456,456,20000,553,42,accuracy,100456,0.40895,1,2.964869771528244,17.21410182118416,10,2.964869771528244,valid,0.4039196471562225,0.4764852255295861,0.40895000000000004,100456
RS,0.43225,103,103,random,TINYIMAGENET,554,main_b1000_tinyimagenet_alexnet_RS_kp25_seed456,0.25,0.40645,False,0.25,alexnet,0.25,TINYIMAGENET_alexnet_RS_accuracy_kp2500_seed456,456,20000,554,42,accuracy,100456,0.40645,1,2.983835139274597,17.24975396692753,10,2.983835139274597,valid,0.4053912246991939,0.4838547573057568,0.40645,100456
RS,0.43225,103,103,random,TINYIMAGENET,555,main_b1000_tinyimagenet_alexnet_RS_kp25_seed456,0.25,0.4087,False,0.25,alexnet,0.25,TINYIMAGENET_alexnet_RS_accuracy_kp2500_seed456,456,20000,555,42,accuracy,100456,0.4087,1,2.962118846654892,17.22558381408453,10,2.962118846654892,valid,0.40596185182450023,0.4750989246901201,0.40870000000000006,100456
RS,0.43225,103,103,random,TINYIMAGENET,556,main_b1000_tinyimagenet_alexnet_RS_kp25_seed456,0.25,0.4044,False,0.25,alexnet,0.25,TINYIMAGENET_alexnet_RS_accuracy_kp2500_seed456,456,20000,556,42,accuracy,100456,0.4044,1,3.0012493646144867,17.21252727508545,10,3.0012493646144867,valid,0.39946172944923575,0.4814794434196136,0.4044,100456
RS,0.43225,103,103,random,TINYIMAGENET,557,main_b1000_tinyimagenet_alexnet_RS_kp25_seed456,0.25,0.41365,False,0.25,alexnet,0.25,TINYIMAGENET_alexnet_RS_accuracy_kp2500_seed456,456,20000,557,42,accuracy,100456,0.41365,1,2.9365327937126158,17.188430942595005,10,2.9365327937126158,valid,0.40738817031599583,0.47553775177484736,0.41365,100456
RS,0.43225,103,103,random,TINYIMAGENET,558,main_b1000_tinyimagenet_alexnet_RS_kp25_seed456,0.25,0.414,False,0.25,alexnet,0.25,TINYIMAGENET_alexnet_RS_accuracy_kp2500_seed456,456,20000,558,42,accuracy,100456,0.414,1,2.9017503050804136,17.321611560881138,10,2.9017503050804136,valid,0.40845393837012983,0.46865911435765434,0.414,100456
RS,0.43225,103,103,random,TINYIMAGENET,559,main_b1000_tinyimagenet_alexnet_RS_kp25_seed456,0.25,0.4077,False,0.25,alexnet,0.25,TINYIMAGENET_alexnet_RS_accuracy_kp2500_seed456,456,20000,559,42,accuracy,100456,0.4077,1,2.951663212394714,17.15872573107481,10,2.951663212394714,valid,0.406990342145955,0.47492254814611,0.40769999999999995,100456
RS,0.43225,103,103,random,TINYIMAGENET,560,main_b1000_tinyimagenet_alexnet_RS_kp25_seed456,0.25,0.40705,False,0.25,alexnet,0.25,TINYIMAGENET_alexnet_RS_accuracy_kp2500_seed456,456,20000,560,42,accuracy,100456,0.40705,1,2.939544903564453,17.218960978090763,10,2.939544903564453,valid,0.4033113465507177,0.4682974070930952,0.40704999999999997,100456
RS,0.43225,103,103,random,TINYIMAGENET,561,main_b1000_tinyimagenet_alexnet_RS_kp25_seed456,0.25,0.4053,False,0.25,alexnet,0.25,TINYIMAGENET_alexnet_RS_accuracy_kp2500_seed456,456,20000,561,42,accuracy,100456,0.4053,1,2.960860528755188,17.293320320546627,10,2.960860528755188,valid,0.4028054102900302,0.47617063274573895,0.4053,100456
RS,0.43225,103,103,random,TINYIMAGENET,562,main_b1000_tinyimagenet_alexnet_RS_kp25_seed456,0.25,0.42065,False,0.25,alexnet,0.25,TINYIMAGENET_alexnet_RS_accuracy_kp2500_seed456,456,20000,562,42,accuracy,100456,0.42065,2,2.9638876438617707,17.295602932572365,10,2.9638876438617707,valid,0.4189507119243389,0.467040001292512,0.42064999999999997,100456
RS,0.43225,103,103,random,TINYIMAGENET,563,main_b1000_tinyimagenet_alexnet_RS_kp25_seed456,0.25,0.40895,False,0.25,alexnet,0.25,TINYIMAGENET_alexnet_RS_accuracy_kp2500_seed456,456,20000,563,42,accuracy,100456,0.40895,1,2.9542916996479036,17.163579411804676,10,2.9542916996479036,valid,0.4047753224532238,0.4687817031643134,0.40895000000000004,100456
RS,0.43225,103,103,random,TINYIMAGENET,564,main_b1000_tinyimagenet_alexnet_RS_kp25_seed456,0.25,0.4082,False,0.25,alexnet,0.25,TINYIMAGENET_alexnet_RS_accuracy_kp2500_seed456,456,20000,564,42,accuracy,100456,0.4082,1,2.966126893210411,17.18618456274271,10,2.966126893210411,valid,0.4035387412667601,0.4784509891575247,0.40819999999999995,100456
RS,0.43225,103,103,random,TINYIMAGENET,565,main_b1000_tinyimagenet_alexnet_RS_kp25_seed456,0.25,0.4064,False,0.25,alexnet,0.25,TINYIMAGENET_alexnet_RS_accuracy_kp2500_seed456,456,20000,565,42,accuracy,100456,0.4064,1,2.974421652650833,17.311014994978905,10,2.974421652650833,valid,0.4061778860959043,0.48283230434227037,0.4064,100456
RS,0.43225,103,103,random,TINYIMAGENET,566,main_b1000_tinyimagenet_alexnet_RS_kp25_seed456,0.25,0.4124,False,0.25,alexnet,0.25,TINYIMAGENET_alexnet_RS_accuracy_kp2500_seed456,456,20000,566,42,accuracy,100456,0.4124,1,2.921023390817642,17.227137945592403,10,2.921023390817642,valid,0.4106149329798394,0.4698845024983685,0.41240000000000004,100456
RS,0.43225,103,103,random,TINYIMAGENET,567,main_b1000_tinyimagenet_alexnet_RS_kp25_seed456,0.25,0.41535,False,0.25,alexnet,0.25,TINYIMAGENET_alexnet_RS_accuracy_kp2500_seed456,456,20000,567,42,accuracy,100456,0.41535,1,2.903548478937149,17.22482316941023,10,2.903548478937149,valid,0.408818623625747,0.47936555720137997,0.41534999999999994,100456
RS,0.43225,103,103,random,TINYIMAGENET,568,main_b1000_tinyimagenet_alexnet_RS_kp25_seed456,0.25,0.41935,False,0.25,alexnet,0.25,TINYIMAGENET_alexnet_RS_accuracy_kp2500_seed456,456,20000,568,42,accuracy,100456,0.41935,1,2.8850700751304625,17.293101727962494,10,2.8850700751304625,valid,0.41548435250703863,0.4696859306529842,0.41935,100456
RS,0.43225,103,103,random,TINYIMAGENET,569,main_b1000_tinyimagenet_alexnet_RS_kp25_seed456,0.25,0.41235,False,0.25,alexnet,0.25,TINYIMAGENET_alexnet_RS_accuracy_kp2500_seed456,456,20000,569,42,accuracy,100456,0.41235,1,2.9126421627998353,17.21950552612543,10,2.9126421627998353,valid,0.406194617231873,0.47297893328892365,0.41235,100456
RS,0.43225,103,103,random,TINYIMAGENET,570,main_b1000_tinyimagenet_alexnet_RS_kp25_seed456,0.25,0.41825,False,0.25,alexnet,0.25,TINYIMAGENET_alexnet_RS_accuracy_kp2500_seed456,456,20000,570,42,accuracy,100456,0.41825,2,2.9853818365097045,17.24015324562788,10,2.9853818365097045,valid,0.41624312180233575,0.46928295893576943,0.41825,100456
RS,0.43225,103,103,random,TINYIMAGENET,571,main_b1000_tinyimagenet_alexnet_RS_kp25_seed456,0.25,0.4053,False,0.25,alexnet,0.25,TINYIMAGENET_alexnet_RS_accuracy_kp2500_seed456,456,20000,571,42,accuracy,100456,0.4053,1,2.9334064202308654,17.532210044562817,10,2.9334064202308654,valid,0.40263531449155215,0.4814395750180124,0.4053,100456
RS,0.43225,103,103,random,TINYIMAGENET,572,main_b1000_tinyimagenet_alexnet_RS_kp25_seed456,0.25,0.40235,False,0.25,alexnet,0.25,TINYIMAGENET_alexnet_RS_accuracy_kp2500_seed456,456,20000,572,42,accuracy,100456,0.40235,1,3.00698470287323,17.959627874195576,10,3.00698470287323,valid,0.3988515333086186,0.4791291531548585,0.40235,100456
RS,0.43225,103,103,random,TINYIMAGENET,573,main_b1000_tinyimagenet_alexnet_RS_kp25_seed456,0.25,0.4105,False,0.25,alexnet,0.25,TINYIMAGENET_alexnet_RS_accuracy_kp2500_seed456,456,20000,573,42,accuracy,100456,0.4105,1,2.992299375486374,17.749835267663002,10,2.992299375486374,valid,0.40502358839937336,0.4831544892829352,0.4105,100456
RS,0.43225,103,103,random,TINYIMAGENET,574,main_b1000_tinyimagenet_alexnet_RS_kp25_seed456,0.25,0.41045,False,0.25,alexnet,0.25,TINYIMAGENET_alexnet_RS_accuracy_kp2500_seed456,456,20000,574,42,accuracy,100456,0.41045,1,2.920402941608429,22.29575452208519,10,2.920402941608429,valid,0.4053928759148057,0.47382886326409285,0.41045000000000004,100456
RS,0.43225,103,103,random,TINYIMAGENET,575,main_b1000_tinyimagenet_alexnet_RS_kp25_seed456,0.25,0.41405,False,0.25,alexnet,0.25,TINYIMAGENET_alexnet_RS_accuracy_kp2500_seed456,456,20000,575,42,accuracy,100456,0.41405,1,2.938294109392166,22.296590872108936,10,2.938294109392166,valid,0.40951256344915726,0.47176708794674943,0.41405000000000003,100456
RS,0.43225,103,103,random,TINYIMAGENET,576,main_b1000_tinyimagenet_alexnet_RS_kp25_seed456,0.25,0.40985,False,0.25,alexnet,0.25,TINYIMAGENET_alexnet_RS_accuracy_kp2500_seed456,456,20000,576,42,accuracy,100456,0.40985,1,2.9305847264051437,22.598923608660698,10,2.9305847264051437,valid,0.40487934900331235,0.4685508588319211,0.40985,100456
RS,0.43225,103,103,random,TINYIMAGENET,577,main_b1000_tinyimagenet_alexnet_RS_kp25_seed456,0.25,0.41505,False,0.25,alexnet,0.25,TINYIMAGENET_alexnet_RS_accuracy_kp2500_seed456,456,20000,577,42,accuracy,100456,0.41505,1,2.9187332421302794,22.011529177427292,10,2.9187332421302794,valid,0.4116637400544795,0.48392581873693324,0.41505000000000003,100456
RS,0.43225,103,103,random,TINYIMAGENET,578,main_b1000_tinyimagenet_alexnet_RS_kp25_seed456,0.25,0.40775,False,0.25,alexnet,0.25,TINYIMAGENET_alexnet_RS_accuracy_kp2500_seed456,456,20000,578,42,accuracy,100456,0.40775,1,2.961623937797546,21.42965641617775,10,2.961623937797546,valid,0.40544474233530037,0.4811747507428683,0.40775000000000006,100456
RS,0.43225,103,103,random,TINYIMAGENET,579,main_b1000_tinyimagenet_alexnet_RS_kp25_seed456,0.25,0.4104,False,0.25,alexnet,0.25,TINYIMAGENET_alexnet_RS_accuracy_kp2500_seed456,456,20000,579,42,accuracy,100456,0.4104,1,2.9505907447338102,21.498868852853775,10,2.9505907447338102,valid,0.40759099624377754,0.47551473188625565,0.41040000000000004,100456
RS,0.43225,103,103,random,TINYIMAGENET,580,main_b1000_tinyimagenet_alexnet_RS_kp25_seed456,0.25,0.41705,False,0.25,alexnet,0.25,TINYIMAGENET_alexnet_RS_accuracy_kp2500_seed456,456,20000,580,42,accuracy,100456,0.41705,1,2.8949558389663697,21.5561535730958,10,2.8949558389663697,valid,0.4150142197175879,0.4819291732527718,0.41705,100456
RS,0.43225,103,103,random,TINYIMAGENET,581,main_b1000_tinyimagenet_alexnet_RS_kp25_seed456,0.25,0.40805,False,0.25,alexnet,0.25,TINYIMAGENET_alexnet_RS_accuracy_kp2500_seed456,456,20000,581,42,accuracy,100456,0.40805,1,2.933021090555191,21.396448872983456,10,2.933021090555191,valid,0.4103723075865942,0.4798091389077371,0.40805,100456
RS,0.43225,103,103,random,TINYIMAGENET,582,main_b1000_tinyimagenet_alexnet_RS_kp25_seed456,0.25,0.4079,False,0.25,alexnet,0.25,TINYIMAGENET_alexnet_RS_accuracy_kp2500_seed456,456,20000,582,42,accuracy,100456,0.4079,1,2.942356194829941,21.531877927482128,10,2.942356194829941,valid,0.40381532140041615,0.4723340636170693,0.4079,100456
RS,0.43225,103,103,random,TINYIMAGENET,583,main_b1000_tinyimagenet_alexnet_RS_kp25_seed456,0.25,0.4127,False,0.25,alexnet,0.25,TINYIMAGENET_alexnet_RS_accuracy_kp2500_seed456,456,20000,583,42,accuracy,100456,0.4127,1,2.9244140155792238,21.622373022139072,10,2.9244140155792238,valid,0.41279567228454966,0.4756135930315443,0.41269999999999996,100456
RS,0.43225,103,103,random,TINYIMAGENET,584,main_b1000_tinyimagenet_alexnet_RS_kp25_seed456,0.25,0.40625,False,0.25,alexnet,0.25,TINYIMAGENET_alexnet_RS_accuracy_kp2500_seed456,456,20000,584,42,accuracy,100456,0.40625,1,2.996443786287308,22.78965026885271,10,2.996443786287308,valid,0.4050975177141475,0.47950855734531844,0.40625,100456
RS,0.43225,103,103,random,TINYIMAGENET,585,main_b1000_tinyimagenet_alexnet_RS_kp25_seed456,0.25,0.4079,False,0.25,alexnet,0.25,TINYIMAGENET_alexnet_RS_accuracy_kp2500_seed456,456,20000,585,42,accuracy,100456,0.4079,1,2.9791562160015106,22.71336416900158,10,2.9791562160015106,valid,0.4061540944248231,0.4718093400527583,0.4079,100456
RS,0.43225,103,103,random,TINYIMAGENET,586,main_b1000_tinyimagenet_alexnet_RS_kp25_seed456,0.25,0.41375,False,0.25,alexnet,0.25,TINYIMAGENET_alexnet_RS_accuracy_kp2500_seed456,456,20000,586,42,accuracy,100456,0.41375,1,2.900681705594063,23.268700756132603,10,2.900681705594063,valid,0.4089886765582375,0.47177351399244477,0.41375,100456
RS,0.43225,103,103,random,TINYIMAGENET,587,main_b1000_tinyimagenet_alexnet_RS_kp25_seed456,0.25,0.4193,False,0.25,alexnet,0.25,TINYIMAGENET_alexnet_RS_accuracy_kp2500_seed456,456,20000,587,42,accuracy,100456,0.4193,2,2.975458587837219,23.358629658818245,10,2.975458587837219,valid,0.4188799056440984,0.4731721707857264,0.4193,100456
RS,0.43225,103,103,random,TINYIMAGENET,588,main_b1000_tinyimagenet_alexnet_RS_kp25_seed456,0.25,0.4154,False,0.25,alexnet,0.25,TINYIMAGENET_alexnet_RS_accuracy_kp2500_seed456,456,20000,588,42,accuracy,100456,0.4154,1,2.925115521097183,23.459960289299488,10,2.925115521097183,valid,0.4118878287395422,0.4782015372956056,0.4154,100456
RS,0.43225,103,103,random,TINYIMAGENET,589,main_b1000_tinyimagenet_alexnet_RS_kp25_seed456,0.25,0.4057,False,0.25,alexnet,0.25,TINYIMAGENET_alexnet_RS_accuracy_kp2500_seed456,456,20000,589,42,accuracy,100456,0.4057,1,2.9305201087951662,23.456244722008705,10,2.9305201087951662,valid,0.40248199361372383,0.4734863022115637,0.40570000000000006,100456
RS,0.43225,103,103,random,TINYIMAGENET,590,main_b1000_tinyimagenet_alexnet_RS_kp25_seed456,0.25,0.4083,False,0.25,alexnet,0.25,TINYIMAGENET_alexnet_RS_accuracy_kp2500_seed456,456,20000,590,42,accuracy,100456,0.4083,1,2.9390450590610504,18.74515663087368,10,2.9390450590610504,valid,0.40801334766593667,0.4748218797479393,0.40830000000000005,100456
RS,0.43225,103,103,random,TINYIMAGENET,591,main_b1000_tinyimagenet_alexnet_RS_kp25_seed456,0.25,0.4226,False,0.25,alexnet,0.25,TINYIMAGENET_alexnet_RS_accuracy_kp2500_seed456,456,20000,591,42,accuracy,100456,0.4226,2,2.965251586151123,18.82872088253498,10,2.965251586151123,valid,0.4231655298821135,0.4764738076629093,0.4226,100456
RS,0.43225,103,103,random,TINYIMAGENET,592,main_b1000_tinyimagenet_alexnet_RS_kp25_seed456,0.25,0.41385,False,0.25,alexnet,0.25,TINYIMAGENET_alexnet_RS_accuracy_kp2500_seed456,456,20000,592,42,accuracy,100456,0.41385,1,2.9471574766159057,18.74653046578169,10,2.9471574766159057,valid,0.41205920234862575,0.47471977387537734,0.41385000000000005,100456
RS,0.43225,103,103,random,TINYIMAGENET,593,main_b1000_tinyimagenet_alexnet_RS_kp25_seed456,0.25,0.4205,False,0.25,alexnet,0.25,TINYIMAGENET_alexnet_RS_accuracy_kp2500_seed456,456,20000,593,42,accuracy,100456,0.4205,2,2.990157116365433,18.65937376022339,10,2.990157116365433,valid,0.41808882080542537,0.46439448660059574,0.42050000000000004,100456
RS,0.43225,103,103,random,TINYIMAGENET,594,main_b1000_tinyimagenet_alexnet_RS_kp25_seed456,0.25,0.4066,False,0.25,alexnet,0.25,TINYIMAGENET_alexnet_RS_accuracy_kp2500_seed456,456,20000,594,42,accuracy,100456,0.4066,1,2.9862791556596755,18.703563638031483,10,2.9862791556596755,valid,0.40344994511204163,0.4806445054798173,0.40659999999999996,100456
RS,0.43225,103,103,random,TINYIMAGENET,595,main_b1000_tinyimagenet_alexnet_RS_kp25_seed456,0.25,0.41575,False,0.25,alexnet,0.25,TINYIMAGENET_alexnet_RS_accuracy_kp2500_seed456,456,20000,595,42,accuracy,100456,0.41575,1,2.911772039222717,18.720090843737125,10,2.911772039222717,valid,0.4125822598891969,0.4699039136090915,0.41575,100456
RS,0.43225,103,103,random,TINYIMAGENET,596,main_b1000_tinyimagenet_alexnet_RS_kp25_seed456,0.25,0.411,False,0.25,alexnet,0.25,TINYIMAGENET_alexnet_RS_accuracy_kp2500_seed456,456,20000,596,42,accuracy,100456,0.411,1,2.9544829198360443,18.634765818715096,10,2.9544829198360443,valid,0.40657923317538036,0.47764204826647005,0.41100000000000003,100456
RS,0.43225,103,103,random,TINYIMAGENET,597,main_b1000_tinyimagenet_alexnet_RS_kp25_seed456,0.25,0.4099,False,0.25,alexnet,0.25,TINYIMAGENET_alexnet_RS_accuracy_kp2500_seed456,456,20000,597,42,accuracy,100456,0.4099,1,2.959884874391556,18.700956374406815,10,2.959884874391556,valid,0.4011315295578639,0.4729134075597928,0.40989999999999993,100456
RS,0.43225,103,103,random,TINYIMAGENET,598,main_b1000_tinyimagenet_alexnet_RS_kp25_seed456,0.25,0.40905,False,0.25,alexnet,0.25,TINYIMAGENET_alexnet_RS_accuracy_kp2500_seed456,456,20000,598,42,accuracy,100456,0.40905,1,2.954958254003525,18.750850804150105,10,2.954958254003525,valid,0.40226064066706924,0.4717409643169805,0.40905,100456
RS,0.43225,103,103,random,TINYIMAGENET,599,main_b1000_tinyimagenet_alexnet_RS_kp25_seed456,0.25,0.41235,False,0.25,alexnet,0.25,TINYIMAGENET_alexnet_RS_accuracy_kp2500_seed456,456,20000,599,42,accuracy,100456,0.41235,1,2.9299203587532046,18.673122972249985,10,2.9299203587532046,valid,0.41175179076135193,0.4773191431393539,0.41235,100456
RS,0.43225,103,103,random,TINYIMAGENET,600,main_b1000_tinyimagenet_alexnet_RS_kp25_seed456,0.25,0.41325,False,0.25,alexnet,0.25,TINYIMAGENET_alexnet_RS_accuracy_kp2500_seed456,456,20000,600,42,accuracy,100456,0.41325,1,2.916276582813263,18.725471511483192,10,2.916276582813263,valid,0.41546001919117337,0.48221951494799187,0.41325,100456
RS,0.43225,103,103,random,TINYIMAGENET,601,main_b1000_tinyimagenet_alexnet_RS_kp25_seed456,0.25,0.42255,False,0.25,alexnet,0.25,TINYIMAGENET_alexnet_RS_accuracy_kp2500_seed456,456,20000,601,42,accuracy,100456,0.42255,2,2.9449198205471037,18.716528929769993,10,2.9449198205471037,valid,0.42319018904878575,0.47400190046765317,0.42255000000000004,100456
RS,0.43225,103,103,random,TINYIMAGENET,602,main_b1000_tinyimagenet_alexnet_RS_kp25_seed456,0.25,0.40775,False,0.25,alexnet,0.25,TINYIMAGENET_alexnet_RS_accuracy_kp2500_seed456,456,20000,602,42,accuracy,100456,0.40775,1,2.968824039888382,18.651951111853123,10,2.968824039888382,valid,0.4025544159334538,0.4718339372420706,0.40775000000000006,100456
RS,0.43225,103,103,random,TINYIMAGENET,603,main_b1000_tinyimagenet_alexnet_RS_kp25_seed456,0.25,0.41175,False,0.25,alexnet,0.25,TINYIMAGENET_alexnet_RS_accuracy_kp2500_seed456,456,20000,603,42,accuracy,100456,0.41175,1,2.935286615228653,18.736991047859192,10,2.935286615228653,valid,0.4065616097224367,0.4661150495143867,0.41174999999999995,100456
RS,0.43225,103,103,random,TINYIMAGENET,604,main_b1000_tinyimagenet_alexnet_RS_kp25_seed456,0.25,0.41505,False,0.25,alexnet,0.25,TINYIMAGENET_alexnet_RS_accuracy_kp2500_seed456,456,20000,604,42,accuracy,100456,0.41505,1,2.8792976412773132,18.769687242805958,10,2.8792976412773132,valid,0.4075950655975315,0.4687976259418987,0.41505000000000003,100456
RS,0.43225,103,103,random,TINYIMAGENET,605,main_b1000_tinyimagenet_alexnet_RS_kp25_seed456,0.25,0.4217,False,0.25,alexnet,0.25,TINYIMAGENET_alexnet_RS_accuracy_kp2500_seed456,456,20000,605,42,accuracy,100456,0.4217,2,2.972636548614502,18.698138624429703,10,2.972636548614502,valid,0.4185803109631852,0.4673455249476474,0.4217,100456
RS,0.43225,103,103,random,TINYIMAGENET,606,main_b1000_tinyimagenet_alexnet_RS_kp25_seed456,0.25,0.4084,False,0.25,alexnet,0.25,TINYIMAGENET_alexnet_RS_accuracy_kp2500_seed456,456,20000,606,42,accuracy,100456,0.4084,1,2.938321297597885,18.752880051732063,10,2.938321297597885,valid,0.4029550136823605,0.4682346911358728,0.40840000000000004,100456
RS,0.43225,103,103,random,TINYIMAGENET,607,main_b1000_tinyimagenet_alexnet_RS_kp25_seed456,0.25,0.4106,False,0.25,alexnet,0.25,TINYIMAGENET_alexnet_RS_accuracy_kp2500_seed456,456,20000,607,42,accuracy,100456,0.4106,1,2.927326525235176,18.778957344591618,10,2.927326525235176,valid,0.4013830611782126,0.4606445611573845,0.4106,100456
RS,0.43225,103,103,random,TINYIMAGENET,608,main_b1000_tinyimagenet_alexnet_RS_kp25_seed456,0.25,0.41055,False,0.25,alexnet,0.25,TINYIMAGENET_alexnet_RS_accuracy_kp2500_seed456,456,20000,608,42,accuracy,100456,0.41055,1,2.912943246269226,18.84141383320093,10,2.912943246269226,valid,0.4092672201776004,0.4823815075109644,0.4105500000000001,100456
RS,0.43225,103,103,random,TINYIMAGENET,609,main_b1000_tinyimagenet_alexnet_RS_kp25_seed456,0.25,0.40935,False,0.25,alexnet,0.25,TINYIMAGENET_alexnet_RS_accuracy_kp2500_seed456,456,20000,609,42,accuracy,100456,0.40935,1,2.9236790459632873,23.40595629066229,10,2.9236790459632873,valid,0.40643390099747106,0.4701418064533609,0.40935000000000005,100456
RS,0.43225,103,103,random,TINYIMAGENET,610,main_b1000_tinyimagenet_alexnet_RS_kp25_seed456,0.25,0.4102,False,0.25,alexnet,0.25,TINYIMAGENET_alexnet_RS_accuracy_kp2500_seed456,456,20000,610,42,accuracy,100456,0.4102,1,2.9714648908138277,23.407844819128513,10,2.9714648908138277,valid,0.40594090922473314,0.486426681340248,0.4102,100456
RS,0.43225,103,103,random,TINYIMAGENET,611,main_b1000_tinyimagenet_alexnet_RS_kp25_seed456,0.25,0.4127,False,0.25,alexnet,0.25,TINYIMAGENET_alexnet_RS_accuracy_kp2500_seed456,456,20000,611,42,accuracy,100456,0.4127,1,2.908532270383835,23.34827448427677,10,2.908532270383835,valid,0.41482232519036216,0.4860633453532445,0.41269999999999996,100456
RS,0.43225,103,103,random,TINYIMAGENET,612,main_b1000_tinyimagenet_alexnet_RS_kp25_seed456,0.25,0.40675,False,0.25,alexnet,0.25,TINYIMAGENET_alexnet_RS_accuracy_kp2500_seed456,456,20000,612,42,accuracy,100456,0.40675,1,2.954594261264801,18.74651951342821,10,2.954594261264801,valid,0.4066253465089355,0.4777938486665819,0.40674999999999994,100456
RS,0.43225,103,103,random,TINYIMAGENET,613,main_b1000_tinyimagenet_alexnet_RS_kp25_seed456,0.25,0.41065,False,0.25,alexnet,0.25,TINYIMAGENET_alexnet_RS_accuracy_kp2500_seed456,456,20000,613,42,accuracy,100456,0.41065,1,2.938874690294266,18.678721502423286,10,2.938874690294266,valid,0.40834694815716277,0.4753336729704462,0.41064999999999996,100456
RS,0.43225,103,103,random,TINYIMAGENET,614,main_b1000_tinyimagenet_alexnet_RS_kp25_seed456,0.25,0.40525,False,0.25,alexnet,0.25,TINYIMAGENET_alexnet_RS_accuracy_kp2500_seed456,456,20000,614,42,accuracy,100456,0.40525,1,2.9506668199539186,18.764802381396294,10,2.9506668199539186,valid,0.4029437699992073,0.4805571674815879,0.40525,100456
RS,0.43225,103,103,random,TINYIMAGENET,615,main_b1000_tinyimagenet_alexnet_RS_kp25_seed456,0.25,0.40885,False,0.25,alexnet,0.25,TINYIMAGENET_alexnet_RS_accuracy_kp2500_seed456,456,20000,615,42,accuracy,100456,0.40885,1,2.9468471403121947,18.73608599603176,10,2.9468471403121947,valid,0.40808763884237814,0.4747553808672085,0.40885000000000005,100456
RS,0.43225,103,103,random,TINYIMAGENET,616,main_b1000_tinyimagenet_alexnet_RS_kp25_seed456,0.25,0.41355,False,0.25,alexnet,0.25,TINYIMAGENET_alexnet_RS_accuracy_kp2500_seed456,456,20000,616,42,accuracy,100456,0.41355,1,2.916089553928375,18.571750685572624,10,2.916089553928375,valid,0.4058505937092437,0.4698439234125877,0.41355000000000003,100456
RS,0.43225,103,103,random,TINYIMAGENET,617,main_b1000_tinyimagenet_alexnet_RS_kp25_seed456,0.25,0.4178,False,0.25,alexnet,0.25,TINYIMAGENET_alexnet_RS_accuracy_kp2500_seed456,456,20000,617,42,accuracy,100456,0.4178,2,3.000425137424469,18.610450893640518,10,3.000425137424469,valid,0.41789190558915545,0.4681456787585986,0.4178,100456
RS,0.43225,103,103,random,TINYIMAGENET,618,main_b1000_tinyimagenet_alexnet_RS_kp25_seed456,0.25,0.40935,False,0.25,alexnet,0.25,TINYIMAGENET_alexnet_RS_accuracy_kp2500_seed456,456,20000,618,42,accuracy,100456,0.40935,1,2.9356702818393705,18.577343448996544,10,2.9356702818393705,valid,0.4034566731949693,0.4664594452878066,0.40935000000000005,100456
RS,0.43225,103,103,random,TINYIMAGENET,619,main_b1000_tinyimagenet_alexnet_RS_kp25_seed456,0.25,0.4135,False,0.25,alexnet,0.25,TINYIMAGENET_alexnet_RS_accuracy_kp2500_seed456,456,20000,619,42,accuracy,100456,0.4135,1,2.968136423587799,18.61113505065441,10,2.968136423587799,valid,0.4059774244565108,0.47609433669800977,0.41350000000000003,100456
RS,0.43225,103,103,random,TINYIMAGENET,620,main_b1000_tinyimagenet_alexnet_RS_kp25_seed456,0.25,0.41325,False,0.25,alexnet,0.25,TINYIMAGENET_alexnet_RS_accuracy_kp2500_seed456,456,20000,620,42,accuracy,100456,0.41325,1,2.938860107946396,18.802168756723404,10,2.938860107946396,valid,0.4068305702363984,0.4679253740174609,0.41325,100456
RS,0.43225,103,103,random,TINYIMAGENET,621,main_b1000_tinyimagenet_alexnet_RS_kp25_seed456,0.25,0.3987,False,0.25,alexnet,0.25,TINYIMAGENET_alexnet_RS_accuracy_kp2500_seed456,456,20000,621,42,accuracy,100456,0.3987,1,2.996466932630539,18.575864613056183,10,2.996466932630539,valid,0.3983823543561442,0.47396027881924424,0.39870000000000005,100456
RS,0.43225,103,103,random,TINYIMAGENET,622,main_b1000_tinyimagenet_alexnet_RS_kp25_seed456,0.25,0.41035,False,0.25,alexnet,0.25,TINYIMAGENET_alexnet_RS_accuracy_kp2500_seed456,456,20000,622,42,accuracy,100456,0.41035,1,2.9348335286140443,23.353155329823494,10,2.9348335286140443,valid,0.40951995838340666,0.4811251034546378,0.41035000000000005,100456
RS,0.43225,103,103,random,TINYIMAGENET,623,main_b1000_tinyimagenet_alexnet_RS_kp25_seed456,0.25,0.4031,False,0.25,alexnet,0.25,TINYIMAGENET_alexnet_RS_accuracy_kp2500_seed456,456,20000,623,42,accuracy,100456,0.4031,1,2.9943803646087646,23.54667155444622,10,2.9943803646087646,valid,0.40009257234396245,0.47493636920552484,0.4031,100456
RS,0.43225,103,103,random,TINYIMAGENET,624,main_b1000_tinyimagenet_alexnet_RS_kp25_seed456,0.25,0.41075,False,0.25,alexnet,0.25,TINYIMAGENET_alexnet_RS_accuracy_kp2500_seed456,456,20000,624,42,accuracy,100456,0.41075,1,2.93779183716774,23.309142164885998,10,2.93779183716774,valid,0.41088211885770903,0.4804310237315748,0.41075,100456
RS,0.43225,103,103,random,TINYIMAGENET,625,main_b1000_tinyimagenet_alexnet_RS_kp25_seed456,0.25,0.41175,False,0.25,alexnet,0.25,TINYIMAGENET_alexnet_RS_accuracy_kp2500_seed456,456,20000,625,42,accuracy,100456,0.41175,1,2.940636868429184,23.35302659124136,10,2.940636868429184,valid,0.4081108008182413,0.47655499252829187,0.41174999999999995,100456
RS,0.43225,103,103,random,TINYIMAGENET,626,main_b1000_tinyimagenet_alexnet_RS_kp25_seed456,0.25,0.41455,False,0.25,alexnet,0.25,TINYIMAGENET_alexnet_RS_accuracy_kp2500_seed456,456,20000,626,42,accuracy,100456,0.41455,2,3.0179181389808654,23.499388940632343,10,3.0179181389808654,valid,0.4125089014188347,0.4659762994703945,0.41455,100456
RS,0.43225,103,103,random,TINYIMAGENET,627,main_b1000_tinyimagenet_alexnet_RS_kp25_seed456,0.25,0.40835,False,0.25,alexnet,0.25,TINYIMAGENET_alexnet_RS_accuracy_kp2500_seed456,456,20000,627,42,accuracy,100456,0.40835,1,2.9424238743782043,23.315909504890442,10,2.9424238743782043,valid,0.40738289117639925,0.4732457333417011,0.40835,100456
RS,0.43225,103,103,random,TINYIMAGENET,628,main_b1000_tinyimagenet_alexnet_RS_kp25_seed456,0.25,0.4021,False,0.25,alexnet,0.25,TINYIMAGENET_alexnet_RS_accuracy_kp2500_seed456,456,20000,628,42,accuracy,100456,0.4021,1,3.02542456202507,18.734996430575848,10,3.02542456202507,valid,0.3966863832146615,0.466862618935776,0.4021,100456
RS,0.43225,103,103,random,TINYIMAGENET,629,main_b1000_tinyimagenet_alexnet_RS_kp25_seed456,0.25,0.4074,False,0.25,alexnet,0.25,TINYIMAGENET_alexnet_RS_accuracy_kp2500_seed456,456,20000,629,42,accuracy,100456,0.4074,1,2.9614664691448214,18.744399711489677,10,2.9614664691448214,valid,0.4075882866672124,0.477851884357492,0.40739999999999993,100456
RS,0.43225,103,103,random,TINYIMAGENET,630,main_b1000_tinyimagenet_alexnet_RS_kp25_seed456,0.25,0.41295,False,0.25,alexnet,0.25,TINYIMAGENET_alexnet_RS_accuracy_kp2500_seed456,456,20000,630,42,accuracy,100456,0.41295,1,2.937275030183792,18.615091525018215,10,2.937275030183792,valid,0.40765142750312505,0.4788434289631431,0.41295000000000004,100456
RS,0.43225,103,103,random,TINYIMAGENET,631,main_b1000_tinyimagenet_alexnet_RS_kp25_seed456,0.25,0.39975,False,0.25,alexnet,0.25,TINYIMAGENET_alexnet_RS_accuracy_kp2500_seed456,456,20000,631,42,accuracy,100456,0.39975,1,2.968767511796951,18.629257895052433,10,2.968767511796951,valid,0.3985604138801513,0.4741084037377351,0.39975,100456
RS,0.43225,103,103,random,TINYIMAGENET,632,main_b1000_tinyimagenet_alexnet_RS_kp25_seed456,0.25,0.4192,False,0.25,alexnet,0.25,TINYIMAGENET_alexnet_RS_accuracy_kp2500_seed456,456,20000,632,42,accuracy,100456,0.4192,1,2.9098840738773344,18.69898710399866,10,2.9098840738773344,valid,0.4134460180844438,0.4748861810442034,0.4192,100456
RS,0.43225,103,103,random,TINYIMAGENET,633,main_b1000_tinyimagenet_alexnet_RS_kp25_seed456,0.25,0.41195,False,0.25,alexnet,0.25,TINYIMAGENET_alexnet_RS_accuracy_kp2500_seed456,456,20000,633,42,accuracy,100456,0.41195,1,2.981873101902008,18.53328287601471,10,2.981873101902008,valid,0.40447712482644294,0.4805189966486019,0.41195,100456
RS,0.43225,103,103,random,TINYIMAGENET,634,main_b1000_tinyimagenet_alexnet_RS_kp25_seed456,0.25,0.4222,False,0.25,alexnet,0.25,TINYIMAGENET_alexnet_RS_accuracy_kp2500_seed456,456,20000,634,42,accuracy,100456,0.4222,2,2.96465900182724,18.60208112746477,10,2.96465900182724,valid,0.42190458195056946,0.4614835890420732,0.42219999999999996,100456
RS,0.43225,103,103,random,TINYIMAGENET,635,main_b1000_tinyimagenet_alexnet_RS_kp25_seed456,0.25,0.4234,False,0.25,alexnet,0.25,TINYIMAGENET_alexnet_RS_accuracy_kp2500_seed456,456,20000,635,42,accuracy,100456,0.4234,2,2.9838551970481872,18.723446242511272,10,2.9838551970481872,valid,0.41675828484119654,0.4616890908294856,0.42340000000000005,100456
RS,0.43225,103,103,random,TINYIMAGENET,636,main_b1000_tinyimagenet_alexnet_RS_kp25_seed456,0.25,0.40245,False,0.25,alexnet,0.25,TINYIMAGENET_alexnet_RS_accuracy_kp2500_seed456,456,20000,636,42,accuracy,100456,0.40245,1,3.0280133963108065,18.508312709629536,10,3.0280133963108065,valid,0.40157640082616675,0.4816157064824509,0.40245000000000003,100456
RS,0.43225,103,103,random,TINYIMAGENET,637,main_b1000_tinyimagenet_alexnet_RS_kp25_seed456,0.25,0.4035,False,0.25,alexnet,0.25,TINYIMAGENET_alexnet_RS_accuracy_kp2500_seed456,456,20000,637,42,accuracy,100456,0.4035,1,2.9706842205047606,18.609683729708195,10,2.9706842205047606,valid,0.4038750057046386,0.47412589685457013,0.40349999999999997,100456
RS,0.43225,103,103,random,TINYIMAGENET,638,main_b1000_tinyimagenet_alexnet_RS_kp25_seed456,0.25,0.40175,False,0.25,alexnet,0.25,TINYIMAGENET_alexnet_RS_accuracy_kp2500_seed456,456,20000,638,42,accuracy,100456,0.40175,1,3.0060042370319366,18.65903628617525,10,3.0060042370319366,valid,0.3961298204270065,0.4763546272750577,0.40175,100456
RS,0.43225,103,103,random,TINYIMAGENET,639,main_b1000_tinyimagenet_alexnet_RS_kp25_seed456,0.25,0.414,False,0.25,alexnet,0.25,TINYIMAGENET_alexnet_RS_accuracy_kp2500_seed456,456,20000,639,42,accuracy,100456,0.414,1,2.900328086709976,18.57706978917122,10,2.900328086709976,valid,0.4114448965120227,0.475432492835554,0.414,100456
RS,0.43225,103,103,random,TINYIMAGENET,640,main_b1000_tinyimagenet_alexnet_RS_kp25_seed456,0.25,0.4067,False,0.25,alexnet,0.25,TINYIMAGENET_alexnet_RS_accuracy_kp2500_seed456,456,20000,640,42,accuracy,100456,0.4067,1,2.9558532269001008,18.631809540092945,10,2.9558532269001008,valid,0.40777908534514395,0.478460081074814,0.4067,100456
RS,0.43225,103,103,random,TINYIMAGENET,641,main_b1000_tinyimagenet_alexnet_RS_kp25_seed456,0.25,0.41635,False,0.25,alexnet,0.25,TINYIMAGENET_alexnet_RS_accuracy_kp2500_seed456,456,20000,641,42,accuracy,100456,0.41635,1,2.923832793331146,18.78252439200878,10,2.923832793331146,valid,0.4145118082399219,0.48683445877717174,0.41635000000000005,100456
RS,0.43225,103,103,random,TINYIMAGENET,642,main_b1000_tinyimagenet_alexnet_RS_kp25_seed456,0.25,0.41315,False,0.25,alexnet,0.25,TINYIMAGENET_alexnet_RS_accuracy_kp2500_seed456,456,20000,642,42,accuracy,100456,0.41315,1,2.919167013120651,18.654779225587845,10,2.919167013120651,valid,0.4105071064236581,0.4773789334430465,0.41314999999999996,100456
RS,0.43225,103,103,random,TINYIMAGENET,643,main_b1000_tinyimagenet_alexnet_RS_kp25_seed456,0.25,0.40645,False,0.25,alexnet,0.25,TINYIMAGENET_alexnet_RS_accuracy_kp2500_seed456,456,20000,643,42,accuracy,100456,0.40645,1,2.969771166610718,18.6826296672225,10,2.969771166610718,valid,0.40362960800069353,0.47611558654045644,0.40645000000000003,100456
RS,0.43225,103,103,random,TINYIMAGENET,644,main_b1000_tinyimagenet_alexnet_RS_kp25_seed456,0.25,0.40765,False,0.25,alexnet,0.25,TINYIMAGENET_alexnet_RS_accuracy_kp2500_seed456,456,20000,644,42,accuracy,100456,0.40765,1,2.9538492764949797,18.68190684914589,10,2.9538492764949797,valid,0.406354195763373,0.47391587469759494,0.40765,100456
RS,0.43225,103,103,random,TINYIMAGENET,645,main_b1000_tinyimagenet_alexnet_RS_kp25_seed456,0.25,0.4097,False,0.25,alexnet,0.25,TINYIMAGENET_alexnet_RS_accuracy_kp2500_seed456,456,20000,645,42,accuracy,100456,0.4097,1,2.948493159389496,18.69967744499445,10,2.948493159389496,valid,0.4052149159857694,0.4725505022095324,0.4097,100456
RS,0.43225,103,103,random,TINYIMAGENET,646,main_b1000_tinyimagenet_alexnet_RS_kp25_seed456,0.25,0.40735,False,0.25,alexnet,0.25,TINYIMAGENET_alexnet_RS_accuracy_kp2500_seed456,456,20000,646,42,accuracy,100456,0.40735,1,2.923068565750122,18.610436215996742,10,2.923068565750122,valid,0.40601911127220885,0.47794940770098804,0.40735,100456
RS,0.43225,103,103,random,TINYIMAGENET,647,main_b1000_tinyimagenet_alexnet_RS_kp25_seed456,0.25,0.4078,False,0.25,alexnet,0.25,TINYIMAGENET_alexnet_RS_accuracy_kp2500_seed456,456,20000,647,42,accuracy,100456,0.4078,1,2.9347435359477996,23.30031681805849,10,2.9347435359477996,valid,0.40689160772528227,0.4753039258727737,0.4078,100456
RS,0.43225,103,103,random,TINYIMAGENET,648,main_b1000_tinyimagenet_alexnet_RS_kp25_seed456,0.25,0.4019,False,0.25,alexnet,0.25,TINYIMAGENET_alexnet_RS_accuracy_kp2500_seed456,456,20000,648,42,accuracy,100456,0.4019,1,3.0346655403614045,18.676051259040833,10,3.0346655403614045,valid,0.3974313932274013,0.4835393631231703,0.40190000000000003,100456
RS,0.43225,103,103,random,TINYIMAGENET,649,main_b1000_tinyimagenet_alexnet_RS_kp25_seed456,0.25,0.4115,False,0.25,alexnet,0.25,TINYIMAGENET_alexnet_RS_accuracy_kp2500_seed456,456,20000,649,42,accuracy,100456,0.4115,1,2.954486462545395,18.62656708806753,10,2.954486462545395,valid,0.4078685825201208,0.47218872383406996,0.4115,100456
RS,0.43225,103,103,random,TINYIMAGENET,650,main_b1000_tinyimagenet_alexnet_RS_kp25_seed456,0.25,0.40985,False,0.25,alexnet,0.25,TINYIMAGENET_alexnet_RS_accuracy_kp2500_seed456,456,20000,650,42,accuracy,100456,0.40985,1,2.9385633726358416,18.684578202664852,10,2.9385633726358416,valid,0.4091984681379749,0.48668460036148525,0.40985,100456
RS,0.43225,103,103,random,TINYIMAGENET,651,main_b1000_tinyimagenet_alexnet_RS_kp25_seed456,0.25,0.408,False,0.25,alexnet,0.25,TINYIMAGENET_alexnet_RS_accuracy_kp2500_seed456,456,20000,651,42,accuracy,100456,0.408,1,2.944027331113815,18.75478858500719,10,2.944027331113815,valid,0.4055743286792995,0.47350216268796474,0.408,100456
RS,0.43225,103,103,random,TINYIMAGENET,652,main_b1000_tinyimagenet_alexnet_RS_kp25_seed456,0.25,0.40115,False,0.25,alexnet,0.25,TINYIMAGENET_alexnet_RS_accuracy_kp2500_seed456,456,20000,652,42,accuracy,100456,0.40115,1,2.973958174228668,18.62927696853876,10,2.973958174228668,valid,0.39875896934675326,0.4748520667899645,0.40115,100456
RS,0.43225,103,103,random,TINYIMAGENET,653,main_b1000_tinyimagenet_alexnet_RS_kp25_seed456,0.25,0.419,False,0.25,alexnet,0.25,TINYIMAGENET_alexnet_RS_accuracy_kp2500_seed456,456,20000,653,42,accuracy,100456,0.419,2,3.006759710645676,18.658989377319813,10,3.006759710645676,valid,0.4153648210839942,0.46511606772777286,0.419,100456
RS,0.43225,103,103,random,TINYIMAGENET,654,main_b1000_tinyimagenet_alexnet_RS_kp25_seed456,0.25,0.4216,False,0.25,alexnet,0.25,TINYIMAGENET_alexnet_RS_accuracy_kp2500_seed456,456,20000,654,42,accuracy,100456,0.4216,2,2.9661400203704833,18.7121209949255,10,2.9661400203704833,valid,0.42185449260036223,0.4670944402876946,0.4216,100456
RS,0.43225,103,103,random,TINYIMAGENET,655,main_b1000_tinyimagenet_alexnet_RS_kp25_seed456,0.25,0.41925,False,0.25,alexnet,0.25,TINYIMAGENET_alexnet_RS_accuracy_kp2500_seed456,456,20000,655,42,accuracy,100456,0.41925,2,2.9897850836277007,18.415531381964684,10,2.9897850836277007,valid,0.42192102276997134,0.47975212610510476,0.41924999999999996,100456
RS,0.43225,103,103,random,TINYIMAGENET,656,main_b1000_tinyimagenet_alexnet_RS_kp25_seed456,0.25,0.4149,False,0.25,alexnet,0.25,TINYIMAGENET_alexnet_RS_accuracy_kp2500_seed456,456,20000,656,42,accuracy,100456,0.4149,1,2.914053317451477,18.5886043086648,10,2.914053317451477,valid,0.4084711445771748,0.4717564590953295,0.41490000000000005,100456
RS,0.43225,103,103,random,TINYIMAGENET,657,main_b1000_tinyimagenet_alexnet_RS_kp25_seed456,0.25,0.3993,False,0.25,alexnet,0.25,TINYIMAGENET_alexnet_RS_accuracy_kp2500_seed456,456,20000,657,42,accuracy,100456,0.3993,1,2.9842571419239046,18.745622910559177,10,2.9842571419239046,valid,0.3953196069686334,0.462799823607224,0.39930000000000004,100456
RS,0.43225,103,103,random,TINYIMAGENET,658,main_b1000_tinyimagenet_alexnet_RS_kp25_seed456,0.25,0.4091,False,0.25,alexnet,0.25,TINYIMAGENET_alexnet_RS_accuracy_kp2500_seed456,456,20000,658,42,accuracy,100456,0.4091,1,2.9678573490142823,18.559814222157,10,2.9678573490142823,valid,0.40206907990746216,0.47249284363670435,0.40909999999999996,100456
RS,0.43225,103,103,random,TINYIMAGENET,659,main_b1000_tinyimagenet_alexnet_RS_kp25_seed456,0.25,0.40225,False,0.25,alexnet,0.25,TINYIMAGENET_alexnet_RS_accuracy_kp2500_seed456,456,20000,659,42,accuracy,100456,0.40225,1,2.9854915934085846,18.63754218071699,10,2.9854915934085846,valid,0.3997170925520129,0.47572141200267354,0.4022500000000001,100456
RS,0.43225,103,103,random,TINYIMAGENET,660,main_b1000_tinyimagenet_alexnet_RS_kp25_seed456,0.25,0.416,False,0.25,alexnet,0.25,TINYIMAGENET_alexnet_RS_accuracy_kp2500_seed456,456,20000,660,42,accuracy,100456,0.416,1,2.9264369691848753,18.694574438035488,10,2.9264369691848753,valid,0.4129045080906971,0.476323522632065,0.4159999999999999,100456
RS,0.43225,103,103,random,TINYIMAGENET,661,main_b1000_tinyimagenet_alexnet_RS_kp25_seed456,0.25,0.41115,False,0.25,alexnet,0.25,TINYIMAGENET_alexnet_RS_accuracy_kp2500_seed456,456,20000,661,42,accuracy,100456,0.41115,1,2.957583792114258,18.62656630575657,10,2.957583792114258,valid,0.40590662522821996,0.4752715455595941,0.41114999999999996,100456
RS,0.43225,103,103,random,TINYIMAGENET,662,main_b1000_tinyimagenet_alexnet_RS_kp25_seed456,0.25,0.4094,False,0.25,alexnet,0.25,TINYIMAGENET_alexnet_RS_accuracy_kp2500_seed456,456,20000,662,42,accuracy,100456,0.4094,1,2.9225007356643675,18.68038711696863,10,2.9225007356643675,valid,0.4079775079690611,0.4789761716510338,0.4094,100456
RS,0.43225,103,103,random,TINYIMAGENET,663,main_b1000_tinyimagenet_alexnet_RS_kp25_seed456,0.25,0.4075,False,0.25,alexnet,0.25,TINYIMAGENET_alexnet_RS_accuracy_kp2500_seed456,456,20000,663,42,accuracy,100456,0.4075,1,2.9930334632873534,18.686525888741016,10,2.9930334632873534,valid,0.40530611420281004,0.47373681167568493,0.4075,100456
RS,0.43225,103,103,random,TINYIMAGENET,664,main_b1000_tinyimagenet_alexnet_RS_kp25_seed456,0.25,0.40865,False,0.25,alexnet,0.25,TINYIMAGENET_alexnet_RS_accuracy_kp2500_seed456,456,20000,664,42,accuracy,100456,0.40865,1,2.9325454687595367,18.449325032532215,10,2.9325454687595367,valid,0.4081826108064639,0.4735723820107782,0.40864999999999996,100456
RS,0.43225,103,103,random,TINYIMAGENET,665,main_b1000_tinyimagenet_alexnet_RS_kp25_seed456,0.25,0.41945,False,0.25,alexnet,0.25,TINYIMAGENET_alexnet_RS_accuracy_kp2500_seed456,456,20000,665,42,accuracy,100456,0.41945,1,2.887067289161682,17.408553265035152,10,2.887067289161682,valid,0.41135015908938116,0.47079303093810493,0.41945,100456
RS,0.43225,103,103,random,TINYIMAGENET,666,main_b1000_tinyimagenet_alexnet_RS_kp25_seed456,0.25,0.41325,False,0.25,alexnet,0.25,TINYIMAGENET_alexnet_RS_accuracy_kp2500_seed456,456,20000,666,42,accuracy,100456,0.41325,1,2.9482889033317567,17.49489938467741,10,2.9482889033317567,valid,0.40863142055091745,0.4763285876374853,0.41325,100456
RS,0.43225,103,103,random,TINYIMAGENET,667,main_b1000_tinyimagenet_alexnet_RS_kp25_seed456,0.25,0.4161,False,0.25,alexnet,0.25,TINYIMAGENET_alexnet_RS_accuracy_kp2500_seed456,456,20000,667,42,accuracy,100456,0.4161,1,2.944816179084778,18.572403863072395,10,2.944816179084778,valid,0.41182957605613263,0.4904520896148308,0.41609999999999997,100456
RS,0.43225,103,103,random,TINYIMAGENET,668,main_b1000_tinyimagenet_alexnet_RS_kp25_seed456,0.25,0.41315,False,0.25,alexnet,0.25,TINYIMAGENET_alexnet_RS_accuracy_kp2500_seed456,456,20000,668,42,accuracy,100456,0.41315,1,2.931914431476593,18.6301861256361,10,2.931914431476593,valid,0.40822816900080733,0.4799934149040466,0.41314999999999996,100456
RS,0.43225,103,103,random,TINYIMAGENET,669,main_b1000_tinyimagenet_alexnet_RS_kp25_seed456,0.25,0.4176,False,0.25,alexnet,0.25,TINYIMAGENET_alexnet_RS_accuracy_kp2500_seed456,456,20000,669,42,accuracy,100456,0.4176,1,2.916683139181137,18.684959061443806,10,2.916683139181137,valid,0.41028610762135853,0.4674738936426172,0.4176,100456
RS,0.43225,103,103,random,TINYIMAGENET,670,main_b1000_tinyimagenet_alexnet_RS_kp25_seed456,0.25,0.4054,False,0.25,alexnet,0.25,TINYIMAGENET_alexnet_RS_accuracy_kp2500_seed456,456,20000,670,42,accuracy,100456,0.4054,1,2.949190898346901,18.671998381614685,10,2.949190898346901,valid,0.40080921951960663,0.468507105285465,0.40540000000000004,100456
RS,0.43225,103,103,random,TINYIMAGENET,671,main_b1000_tinyimagenet_alexnet_RS_kp25_seed456,0.25,0.4052,False,0.25,alexnet,0.25,TINYIMAGENET_alexnet_RS_accuracy_kp2500_seed456,456,20000,671,42,accuracy,100456,0.4052,1,2.966636768245697,18.67457915097475,10,2.966636768245697,valid,0.4024949437616457,0.48257913212853754,0.40519999999999995,100456
RS,0.43225,103,103,random,TINYIMAGENET,672,main_b1000_tinyimagenet_alexnet_RS_kp25_seed456,0.25,0.41125,False,0.25,alexnet,0.25,TINYIMAGENET_alexnet_RS_accuracy_kp2500_seed456,456,20000,672,42,accuracy,100456,0.41125,1,2.9293795632839204,18.553915724158287,10,2.9293795632839204,valid,0.4076103694528551,0.4723058720357707,0.41125,100456
RS,0.43225,103,103,random,TINYIMAGENET,673,main_b1000_tinyimagenet_alexnet_RS_kp25_seed456,0.25,0.4211,False,0.25,alexnet,0.25,TINYIMAGENET_alexnet_RS_accuracy_kp2500_seed456,456,20000,673,42,accuracy,100456,0.4211,2,2.9377727571487426,18.791838690638542,10,2.9377727571487426,valid,0.41998993986326105,0.46591194651891404,0.4211,100456
RS,0.43225,103,103,random,TINYIMAGENET,674,main_b1000_tinyimagenet_alexnet_RS_kp25_seed456,0.25,0.41375,False,0.25,alexnet,0.25,TINYIMAGENET_alexnet_RS_accuracy_kp2500_seed456,456,20000,674,42,accuracy,100456,0.41375,1,2.920676591682434,18.574642702937126,10,2.920676591682434,valid,0.4103622103992588,0.4710182033841881,0.41375,100456
RS,0.43225,103,103,random,TINYIMAGENET,675,main_b1000_tinyimagenet_alexnet_RS_kp25_seed456,0.25,0.4037,False,0.25,alexnet,0.25,TINYIMAGENET_alexnet_RS_accuracy_kp2500_seed456,456,20000,675,42,accuracy,100456,0.4037,1,2.9673424644947053,18.644418500363827,10,2.9673424644947053,valid,0.4041878983373481,0.4843918433655309,0.40370000000000006,100456
RS,0.43225,103,103,random,TINYIMAGENET,676,main_b1000_tinyimagenet_alexnet_RS_kp25_seed456,0.25,0.41225,False,0.25,alexnet,0.25,TINYIMAGENET_alexnet_RS_accuracy_kp2500_seed456,456,20000,676,42,accuracy,100456,0.41225,1,2.922414306163788,18.769595228135586,10,2.922414306163788,valid,0.4058616673142293,0.467798744512226,0.41225,100456
RS,0.43225,103,103,random,TINYIMAGENET,677,main_b1000_tinyimagenet_alexnet_RS_kp25_seed456,0.25,0.4194,False,0.25,alexnet,0.25,TINYIMAGENET_alexnet_RS_accuracy_kp2500_seed456,456,20000,677,42,accuracy,100456,0.4194,1,2.8718696904182432,18.635110795497894,10,2.8718696904182432,valid,0.4182696940225459,0.4787684968600776,0.4194,100456
RS,0.43225,103,103,random,TINYIMAGENET,678,main_b1000_tinyimagenet_alexnet_RS_kp25_seed456,0.25,0.39755,False,0.25,alexnet,0.25,TINYIMAGENET_alexnet_RS_accuracy_kp2500_seed456,456,20000,678,42,accuracy,100456,0.39755,1,2.9846253529071807,18.610294364392757,10,2.9846253529071807,valid,0.39861407894767,0.4795684155773857,0.39755,100456
RS,0.43225,103,103,random,TINYIMAGENET,679,main_b1000_tinyimagenet_alexnet_RS_kp25_seed456,0.25,0.41485,False,0.25,alexnet,0.25,TINYIMAGENET_alexnet_RS_accuracy_kp2500_seed456,456,20000,679,42,accuracy,100456,0.41485,1,2.9314588524341585,18.710250072181225,10,2.9314588524341585,valid,0.4130516618751871,0.4758572955635141,0.41485,100456
RS,0.43225,103,103,random,TINYIMAGENET,680,main_b1000_tinyimagenet_alexnet_RS_kp25_seed456,0.25,0.40125,False,0.25,alexnet,0.25,TINYIMAGENET_alexnet_RS_accuracy_kp2500_seed456,456,20000,680,42,accuracy,100456,0.40125,1,2.9748556367874146,18.572536058723927,10,2.9748556367874146,valid,0.39896691562724823,0.47184405906043736,0.40125,100456
RS,0.43225,103,103,random,TINYIMAGENET,681,main_b1000_tinyimagenet_alexnet_RS_kp25_seed456,0.25,0.40015,False,0.25,alexnet,0.25,TINYIMAGENET_alexnet_RS_accuracy_kp2500_seed456,456,20000,681,42,accuracy,100456,0.40015,1,3.030978148794174,18.58041825890541,10,3.030978148794174,valid,0.39605022824574776,0.4755348694083992,0.40015,100456
RS,0.43225,103,103,random,TINYIMAGENET,682,main_b1000_tinyimagenet_alexnet_RS_kp25_seed456,0.25,0.4119,False,0.25,alexnet,0.25,TINYIMAGENET_alexnet_RS_accuracy_kp2500_seed456,456,20000,682,42,accuracy,100456,0.4119,1,2.9047997705936432,18.653882659971714,10,2.9047997705936432,valid,0.40677925914849394,0.4635629222812696,0.4119,100456
RS,0.43225,103,103,random,TINYIMAGENET,683,main_b1000_tinyimagenet_alexnet_RS_kp25_seed456,0.25,0.4012,False,0.25,alexnet,0.25,TINYIMAGENET_alexnet_RS_accuracy_kp2500_seed456,456,20000,683,42,accuracy,100456,0.4012,1,2.9937810452461244,18.685920536518097,10,2.9937810452461244,valid,0.3991886296925831,0.47214730519582643,0.40120000000000006,100456
RS,0.43225,103,103,random,TINYIMAGENET,684,main_b1000_tinyimagenet_alexnet_RS_kp25_seed456,0.25,0.41915,False,0.25,alexnet,0.25,TINYIMAGENET_alexnet_RS_accuracy_kp2500_seed456,456,20000,684,42,accuracy,100456,0.41915,2,3.0122664066791534,18.53533808887005,10,3.0122664066791534,valid,0.4171519869337199,0.46965583660117594,0.4191500000000001,100456
RS,0.43225,103,103,random,TINYIMAGENET,685,main_b1000_tinyimagenet_alexnet_RS_kp25_seed456,0.25,0.40905,False,0.25,alexnet,0.25,TINYIMAGENET_alexnet_RS_accuracy_kp2500_seed456,456,20000,685,42,accuracy,100456,0.40905,1,2.921193649530411,18.617878556251526,10,2.921193649530411,valid,0.40800091172152336,0.4739388419404888,0.40905,100456
RS,0.43225,103,103,random,TINYIMAGENET,686,main_b1000_tinyimagenet_alexnet_RS_kp25_seed456,0.25,0.40095,False,0.25,alexnet,0.25,TINYIMAGENET_alexnet_RS_accuracy_kp2500_seed456,456,20000,686,42,accuracy,100456,0.40095,1,3.0253119795799255,18.893376752734184,10,3.0253119795799255,valid,0.3918238653096887,0.4728603513299701,0.40095,100456
RS,0.43225,103,103,random,TINYIMAGENET,687,main_b1000_tinyimagenet_alexnet_RS_kp25_seed456,0.25,0.4105,False,0.25,alexnet,0.25,TINYIMAGENET_alexnet_RS_accuracy_kp2500_seed456,456,20000,687,42,accuracy,100456,0.4105,1,2.9197148292541506,18.515174195170403,10,2.9197148292541506,valid,0.4060841957354522,0.4751706062161689,0.4105,100456
RS,0.43225,103,103,random,TINYIMAGENET,688,main_b1000_tinyimagenet_alexnet_RS_kp25_seed456,0.25,0.40095,False,0.25,alexnet,0.25,TINYIMAGENET_alexnet_RS_accuracy_kp2500_seed456,456,20000,688,42,accuracy,100456,0.40095,1,2.9640941697597505,18.61384968459606,10,2.9640941697597505,valid,0.4014010897420192,0.4793388421854592,0.40095,100456
RS,0.43225,103,103,random,TINYIMAGENET,689,main_b1000_tinyimagenet_alexnet_RS_kp25_seed456,0.25,0.40935,False,0.25,alexnet,0.25,TINYIMAGENET_alexnet_RS_accuracy_kp2500_seed456,456,20000,689,42,accuracy,100456,0.40935,1,2.9434400125026703,18.67630209773779,10,2.9434400125026703,valid,0.4070135307553183,0.4788201838059034,0.40935000000000005,100456
RS,0.43225,103,103,random,TINYIMAGENET,690,main_b1000_tinyimagenet_alexnet_RS_kp25_seed456,0.25,0.411,False,0.25,alexnet,0.25,TINYIMAGENET_alexnet_RS_accuracy_kp2500_seed456,456,20000,690,42,accuracy,100456,0.411,1,2.99117683930397,18.59823276102543,10,2.99117683930397,valid,0.4083914626240777,0.4778515641961739,0.4109999999999999,100456
RS,0.43225,103,103,random,TINYIMAGENET,691,main_b1000_tinyimagenet_alexnet_RS_kp25_seed456,0.25,0.41115,False,0.25,alexnet,0.25,TINYIMAGENET_alexnet_RS_accuracy_kp2500_seed456,456,20000,691,42,accuracy,100456,0.41115,1,2.9322265103816987,18.644200883805752,10,2.9322265103816987,valid,0.4064825520226234,0.4733107227775804,0.41114999999999996,100456
RS,0.43225,103,103,random,TINYIMAGENET,692,main_b1000_tinyimagenet_alexnet_RS_kp25_seed456,0.25,0.42585,False,0.25,alexnet,0.25,TINYIMAGENET_alexnet_RS_accuracy_kp2500_seed456,456,20000,692,42,accuracy,100456,0.42585,2,2.9645852995157242,18.69966746866703,10,2.9645852995157242,valid,0.4219051546919745,0.47442436315195957,0.42585,100456
RS,0.43225,103,103,random,TINYIMAGENET,693,main_b1000_tinyimagenet_alexnet_RS_kp25_seed456,0.25,0.4051,False,0.25,alexnet,0.25,TINYIMAGENET_alexnet_RS_accuracy_kp2500_seed456,456,20000,693,42,accuracy,100456,0.4051,1,2.984648310136795,18.67919671535492,10,2.984648310136795,valid,0.4004618924554133,0.47485472022880715,0.4050999999999999,100456
RS,0.43225,103,103,random,TINYIMAGENET,694,main_b1000_tinyimagenet_alexnet_RS_kp25_seed456,0.25,0.40275,False,0.25,alexnet,0.25,TINYIMAGENET_alexnet_RS_accuracy_kp2500_seed456,456,20000,694,42,accuracy,100456,0.40275,1,2.9860388656616212,18.538745395839214,10,2.9860388656616212,valid,0.40032785949279104,0.4758739181543521,0.40275000000000005,100456
RS,0.43225,103,103,random,TINYIMAGENET,695,main_b1000_tinyimagenet_alexnet_RS_kp25_seed456,0.25,0.40775,False,0.25,alexnet,0.25,TINYIMAGENET_alexnet_RS_accuracy_kp2500_seed456,456,20000,695,42,accuracy,100456,0.40775,1,2.9430846670627595,18.604985266923904,10,2.9430846670627595,valid,0.40421736699697147,0.47625744479289367,0.40775000000000006,100456
RS,0.43225,103,103,random,TINYIMAGENET,696,main_b1000_tinyimagenet_alexnet_RS_kp25_seed456,0.25,0.4075,False,0.25,alexnet,0.25,TINYIMAGENET_alexnet_RS_accuracy_kp2500_seed456,456,20000,696,42,accuracy,100456,0.4075,1,2.975348317861557,18.784771591424942,10,2.975348317861557,valid,0.40262941078934394,0.4751877049079667,0.4075,100456
RS,0.43225,103,103,random,TINYIMAGENET,697,main_b1000_tinyimagenet_alexnet_RS_kp25_seed456,0.25,0.4131,False,0.25,alexnet,0.25,TINYIMAGENET_alexnet_RS_accuracy_kp2500_seed456,456,20000,697,42,accuracy,100456,0.4131,1,2.9289778921604155,18.56351887434721,10,2.9289778921604155,valid,0.41055298898009623,0.47672237557641295,0.4131,100456
RS,0.43225,103,103,random,TINYIMAGENET,698,main_b1000_tinyimagenet_alexnet_RS_kp25_seed456,0.25,0.4094,False,0.25,alexnet,0.25,TINYIMAGENET_alexnet_RS_accuracy_kp2500_seed456,456,20000,698,42,accuracy,100456,0.4094,1,2.9473807767391205,18.65960868448019,10,2.9473807767391205,valid,0.4045740118814605,0.47455259826163887,0.4094,100456
RS,0.43225,103,103,random,TINYIMAGENET,699,main_b1000_tinyimagenet_alexnet_RS_kp25_seed456,0.25,0.4217,False,0.25,alexnet,0.25,TINYIMAGENET_alexnet_RS_accuracy_kp2500_seed456,456,20000,699,42,accuracy,100456,0.4217,2,2.99859116692543,18.70612697303295,10,2.99859116692543,valid,0.42158621387181894,0.4697594613234601,0.4217,100456
RS,0.43225,103,103,random,TINYIMAGENET,700,main_b1000_tinyimagenet_alexnet_RS_kp25_seed456,0.25,0.4004,False,0.25,alexnet,0.25,TINYIMAGENET_alexnet_RS_accuracy_kp2500_seed456,456,20000,700,42,accuracy,100456,0.4004,1,2.9880836163520814,18.746381506323814,10,2.9880836163520814,valid,0.39833282104018275,0.4819918306381366,0.4004,100456
RS,0.43225,103,103,random,TINYIMAGENET,701,main_b1000_tinyimagenet_alexnet_RS_kp25_seed456,0.25,0.40265,False,0.25,alexnet,0.25,TINYIMAGENET_alexnet_RS_accuracy_kp2500_seed456,456,20000,701,42,accuracy,100456,0.40265,1,3.00280374956131,18.69755571335554,10,3.00280374956131,valid,0.39880712807336993,0.47472919721138623,0.40265,100456
RS,0.43225,103,103,random,TINYIMAGENET,702,main_b1000_tinyimagenet_alexnet_RS_kp25_seed456,0.25,0.4218,False,0.25,alexnet,0.25,TINYIMAGENET_alexnet_RS_accuracy_kp2500_seed456,456,20000,702,42,accuracy,100456,0.4218,2,2.958703808736801,18.771211937069893,10,2.958703808736801,valid,0.421863870043997,0.47598958786824835,0.4218,100456
RS,0.43225,103,103,random,TINYIMAGENET,703,main_b1000_tinyimagenet_alexnet_RS_kp25_seed456,0.25,0.40495,False,0.25,alexnet,0.25,TINYIMAGENET_alexnet_RS_accuracy_kp2500_seed456,456,20000,703,42,accuracy,100456,0.40495,1,2.9803117920398714,18.753811053931713,10,2.9803117920398714,valid,0.4015645658686533,0.4732113643860795,0.40495000000000003,100456
RS,0.43225,103,103,random,TINYIMAGENET,704,main_b1000_tinyimagenet_alexnet_RS_kp25_seed456,0.25,0.4095,False,0.25,alexnet,0.25,TINYIMAGENET_alexnet_RS_accuracy_kp2500_seed456,456,20000,704,42,accuracy,100456,0.4095,1,2.946003609800339,18.692284010350704,10,2.946003609800339,valid,0.40673736375527225,0.4728430663284044,0.40950000000000003,100456
RS,0.43225,103,103,random,TINYIMAGENET,705,main_b1000_tinyimagenet_alexnet_RS_kp25_seed456,0.25,0.4036,False,0.25,alexnet,0.25,TINYIMAGENET_alexnet_RS_accuracy_kp2500_seed456,456,20000,705,42,accuracy,100456,0.4036,1,2.9797924268722533,18.75795928388834,10,2.9797924268722533,valid,0.3986267953147112,0.47344117584871936,0.4036,100456
RS,0.43225,103,103,random,TINYIMAGENET,706,main_b1000_tinyimagenet_alexnet_RS_kp25_seed456,0.25,0.40355,False,0.25,alexnet,0.25,TINYIMAGENET_alexnet_RS_accuracy_kp2500_seed456,456,20000,706,42,accuracy,100456,0.40355,1,2.9909406725883483,23.372769482433796,10,2.9909406725883483,valid,0.39686221084696605,0.47414226297067275,0.40354999999999996,100456
RS,0.43225,103,103,random,TINYIMAGENET,707,main_b1000_tinyimagenet_alexnet_RS_kp25_seed456,0.25,0.40425,False,0.25,alexnet,0.25,TINYIMAGENET_alexnet_RS_accuracy_kp2500_seed456,456,20000,707,42,accuracy,100456,0.40425,1,2.9680829815387724,23.40801427513361,10,2.9680829815387724,valid,0.4018215173017295,0.47385853853821935,0.40425,100456
RS,0.43225,103,103,random,TINYIMAGENET,708,main_b1000_tinyimagenet_alexnet_RS_kp25_seed456,0.25,0.4213,False,0.25,alexnet,0.25,TINYIMAGENET_alexnet_RS_accuracy_kp2500_seed456,456,20000,708,42,accuracy,100456,0.4213,2,2.95724452753067,23.577409453690052,10,2.95724452753067,valid,0.4177794532880263,0.46277419296491734,0.42129999999999995,100456
RS,0.43225,103,103,random,TINYIMAGENET,709,main_b1000_tinyimagenet_alexnet_RS_kp25_seed456,0.25,0.4,False,0.25,alexnet,0.25,TINYIMAGENET_alexnet_RS_accuracy_kp2500_seed456,456,20000,709,42,accuracy,100456,0.4,1,2.9890278012275697,23.260277435183525,10,2.9890278012275697,valid,0.39529940275430225,0.47960481713055786,0.4,100456
RS,0.43225,103,103,random,TINYIMAGENET,710,main_b1000_tinyimagenet_alexnet_RS_kp25_seed456,0.25,0.41475,False,0.25,alexnet,0.25,TINYIMAGENET_alexnet_RS_accuracy_kp2500_seed456,456,20000,710,42,accuracy,100456,0.41475,1,2.9521678932666777,23.54332921653986,10,2.9521678932666777,valid,0.4126629431815671,0.4740629012773465,0.41475,100456
RS,0.43225,103,103,random,TINYIMAGENET,711,main_b1000_tinyimagenet_alexnet_RS_kp25_seed456,0.25,0.408,False,0.25,alexnet,0.25,TINYIMAGENET_alexnet_RS_accuracy_kp2500_seed456,456,20000,711,42,accuracy,100456,0.408,1,2.983454557943344,23.416291661560535,10,2.983454557943344,valid,0.4066021426715106,0.4828841185030333,0.408,100456
RS,0.43225,103,103,random,TINYIMAGENET,712,main_b1000_tinyimagenet_alexnet_RS_kp25_seed456,0.25,0.4074,False,0.25,alexnet,0.25,TINYIMAGENET_alexnet_RS_accuracy_kp2500_seed456,456,20000,712,42,accuracy,100456,0.4074,1,2.9410777216911317,23.391163535416126,10,2.9410777216911317,valid,0.40292040001022683,0.47347483064631923,0.40739999999999993,100456
RS,0.43225,103,103,random,TINYIMAGENET,713,main_b1000_tinyimagenet_alexnet_RS_kp25_seed456,0.25,0.40745,False,0.25,alexnet,0.25,TINYIMAGENET_alexnet_RS_accuracy_kp2500_seed456,456,20000,713,42,accuracy,100456,0.40745,1,2.9398193239212036,23.75484113395214,10,2.9398193239212036,valid,0.4099539670483544,0.4813243367769321,0.40745,100456
RS,0.43225,103,103,random,TINYIMAGENET,714,main_b1000_tinyimagenet_alexnet_RS_kp25_seed456,0.25,0.4095,False,0.25,alexnet,0.25,TINYIMAGENET_alexnet_RS_accuracy_kp2500_seed456,456,20000,714,42,accuracy,100456,0.4095,1,2.9181177505731584,23.516515634953976,10,2.9181177505731584,valid,0.40477339379510285,0.4616381637008669,0.40950000000000003,100456
RS,0.43225,103,103,random,TINYIMAGENET,715,main_b1000_tinyimagenet_alexnet_RS_kp25_seed456,0.25,0.4115,False,0.25,alexnet,0.25,TINYIMAGENET_alexnet_RS_accuracy_kp2500_seed456,456,20000,715,42,accuracy,100456,0.4115,1,2.936161103582382,18.961812548339367,10,2.936161103582382,valid,0.40909611676497226,0.4719091783835894,0.41150000000000003,100456
RS,0.43225,103,103,random,TINYIMAGENET,716,main_b1000_tinyimagenet_alexnet_RS_kp25_seed456,0.25,0.4057,False,0.25,alexnet,0.25,TINYIMAGENET_alexnet_RS_accuracy_kp2500_seed456,456,20000,716,42,accuracy,100456,0.4057,1,2.958647101140022,18.810402430593967,10,2.958647101140022,valid,0.40262089050564726,0.47339727211260024,0.4057,100456
RS,0.43225,103,103,random,TINYIMAGENET,717,main_b1000_tinyimagenet_alexnet_RS_kp25_seed456,0.25,0.4084,False,0.25,alexnet,0.25,TINYIMAGENET_alexnet_RS_accuracy_kp2500_seed456,456,20000,717,42,accuracy,100456,0.4084,1,2.9751700773715974,18.666710793972015,10,2.9751700773715974,valid,0.4046743581691304,0.47733017525576243,0.40840000000000004,100456
RS,0.43225,103,103,random,TINYIMAGENET,718,main_b1000_tinyimagenet_alexnet_RS_kp25_seed456,0.25,0.4098,False,0.25,alexnet,0.25,TINYIMAGENET_alexnet_RS_accuracy_kp2500_seed456,456,20000,718,42,accuracy,100456,0.4098,1,2.929657878494263,18.758245460689068,10,2.929657878494263,valid,0.4070175035009179,0.4724743202332668,0.40980000000000005,100456
RS,0.43225,103,103,random,TINYIMAGENET,719,main_b1000_tinyimagenet_alexnet_RS_kp25_seed456,0.25,0.41095,False,0.25,alexnet,0.25,TINYIMAGENET_alexnet_RS_accuracy_kp2500_seed456,456,20000,719,42,accuracy,100456,0.41095,1,2.875396574831009,18.850181214511395,10,2.875396574831009,valid,0.40641519459797565,0.4585271848598947,0.41095,100456
RS,0.43225,103,103,random,TINYIMAGENET,720,main_b1000_tinyimagenet_alexnet_RS_kp25_seed456,0.25,0.4076,False,0.25,alexnet,0.25,TINYIMAGENET_alexnet_RS_accuracy_kp2500_seed456,456,20000,720,42,accuracy,100456,0.4076,1,2.983335589170456,18.70477793365717,10,2.983335589170456,valid,0.406656717929934,0.484829437790207,0.40759999999999996,100456
RS,0.43225,103,103,random,TINYIMAGENET,721,main_b1000_tinyimagenet_alexnet_RS_kp25_seed456,0.25,0.4112,False,0.25,alexnet,0.25,TINYIMAGENET_alexnet_RS_accuracy_kp2500_seed456,456,20000,721,42,accuracy,100456,0.4112,1,2.9650556987762453,18.83955045044422,10,2.9650556987762453,valid,0.40466631019967925,0.47710815690298036,0.41120000000000007,100456
RS,0.43225,103,103,random,TINYIMAGENET,722,main_b1000_tinyimagenet_alexnet_RS_kp25_seed456,0.25,0.4122,False,0.25,alexnet,0.25,TINYIMAGENET_alexnet_RS_accuracy_kp2500_seed456,456,20000,722,42,accuracy,100456,0.4122,1,2.9489751808166504,23.58321011811495,10,2.9489751808166504,valid,0.4087613248596034,0.47438642371042045,0.4122,100456
RS,0.43225,103,103,random,TINYIMAGENET,723,main_b1000_tinyimagenet_alexnet_RS_kp25_seed456,0.25,0.39995,False,0.25,alexnet,0.25,TINYIMAGENET_alexnet_RS_accuracy_kp2500_seed456,456,20000,723,42,accuracy,100456,0.39995,1,2.948206856250763,23.273734025657177,10,2.948206856250763,valid,0.3992923214321489,0.4648280446352684,0.39995,100456
RS,0.43225,103,103,random,TINYIMAGENET,724,main_b1000_tinyimagenet_alexnet_RS_kp25_seed456,0.25,0.40315,False,0.25,alexnet,0.25,TINYIMAGENET_alexnet_RS_accuracy_kp2500_seed456,456,20000,724,42,accuracy,100456,0.40315,1,3.0144719987869264,23.57811740785837,10,3.0144719987869264,valid,0.4027797329540293,0.4834253234417617,0.40314999999999995,100456
RS,0.43225,103,103,random,TINYIMAGENET,725,main_b1000_tinyimagenet_alexnet_RS_kp25_seed456,0.25,0.41025,False,0.25,alexnet,0.25,TINYIMAGENET_alexnet_RS_accuracy_kp2500_seed456,456,20000,725,42,accuracy,100456,0.41025,1,2.9668815494060516,18.67428456991911,10,2.9668815494060516,valid,0.4057255402200218,0.4914126827821144,0.41025000000000006,100456
RS,0.43225,103,103,random,TINYIMAGENET,726,main_b1000_tinyimagenet_alexnet_RS_kp25_seed456,0.25,0.41255,False,0.25,alexnet,0.25,TINYIMAGENET_alexnet_RS_accuracy_kp2500_seed456,456,20000,726,42,accuracy,100456,0.41255,1,2.9296352005004884,18.819042392075062,10,2.9296352005004884,valid,0.4062702073134387,0.4689621923640642,0.41255,100456
RS,0.43225,103,103,random,TINYIMAGENET,727,main_b1000_tinyimagenet_alexnet_RS_kp25_seed456,0.25,0.4027,False,0.25,alexnet,0.25,TINYIMAGENET_alexnet_RS_accuracy_kp2500_seed456,456,20000,727,42,accuracy,100456,0.4027,1,3.0048232721805572,18.75370854884386,10,3.0048232721805572,valid,0.39574126722085123,0.4801708508902266,0.40270000000000006,100456
RS,0.43225,103,103,random,TINYIMAGENET,728,main_b1000_tinyimagenet_alexnet_RS_kp25_seed456,0.25,0.40895,False,0.25,alexnet,0.25,TINYIMAGENET_alexnet_RS_accuracy_kp2500_seed456,456,20000,728,42,accuracy,100456,0.40895,1,2.9339063351631163,18.794559605419636,10,2.9339063351631163,valid,0.4043497292965161,0.47013950541162736,0.40895,100456
RS,0.43225,103,103,random,TINYIMAGENET,729,main_b1000_tinyimagenet_alexnet_RS_kp25_seed456,0.25,0.4151,False,0.25,alexnet,0.25,TINYIMAGENET_alexnet_RS_accuracy_kp2500_seed456,456,20000,729,42,accuracy,100456,0.4151,2,3.001864595603943,18.727753847837448,10,3.001864595603943,valid,0.41849307803531666,0.46969218549440056,0.4151,100456
RS,0.43225,103,103,random,TINYIMAGENET,730,main_b1000_tinyimagenet_alexnet_RS_kp25_seed456,0.25,0.40165,False,0.25,alexnet,0.25,TINYIMAGENET_alexnet_RS_accuracy_kp2500_seed456,456,20000,730,42,accuracy,100456,0.40165,1,3.0263718876361847,18.822950214147568,10,3.0263718876361847,valid,0.3997034653167047,0.48503051642968376,0.40165,100456
RS,0.43225,103,103,random,TINYIMAGENET,731,main_b1000_tinyimagenet_alexnet_RS_kp25_seed456,0.25,0.4134,False,0.25,alexnet,0.25,TINYIMAGENET_alexnet_RS_accuracy_kp2500_seed456,456,20000,731,42,accuracy,100456,0.4134,1,2.9335109214782715,18.770063616335392,10,2.9335109214782715,valid,0.41089960590602376,0.47768239148756464,0.4134,100456
RS,0.43345,732,732,random,TINYIMAGENET,732,main_b1000_tinyimagenet_alexnet_RS_kp25_seed456,0.25,0.43345,True,0.25,alexnet,0.25,TINYIMAGENET_alexnet_RS_accuracy_kp2500_seed456,456,20000,732,42,accuracy,100456,0.43345,3,3.043464473056793,18.78142087906599,10,3.043464473056793,valid,0.43747171634390336,0.48198608340953314,0.43345,100456
RS,0.43345,732,732,random,TINYIMAGENET,733,main_b1000_tinyimagenet_alexnet_RS_kp25_seed456,0.25,0.40555,False,0.25,alexnet,0.25,TINYIMAGENET_alexnet_RS_accuracy_kp2500_seed456,456,20000,733,42,accuracy,100456,0.40555,1,3.005181769180298,18.7750493735075,10,3.005181769180298,valid,0.3998646239739044,0.47873091644643234,0.4055500000000001,100456
RS,0.43345,732,732,random,TINYIMAGENET,734,main_b1000_tinyimagenet_alexnet_RS_kp25_seed456,0.25,0.4112,False,0.25,alexnet,0.25,TINYIMAGENET_alexnet_RS_accuracy_kp2500_seed456,456,20000,734,42,accuracy,100456,0.4112,1,2.953720529937744,18.72740799188614,10,2.953720529937744,valid,0.4047186197080659,0.4755701465627578,0.41120000000000007,100456
RS,0.43345,732,732,random,TINYIMAGENET,735,main_b1000_tinyimagenet_alexnet_RS_kp25_seed456,0.25,0.41795,False,0.25,alexnet,0.25,TINYIMAGENET_alexnet_RS_accuracy_kp2500_seed456,456,20000,735,42,accuracy,100456,0.41795,1,2.921049933075905,23.31441341340542,10,2.921049933075905,valid,0.41370949928231476,0.4769171221118827,0.41795000000000004,100456
RS,0.43345,732,732,random,TINYIMAGENET,736,main_b1000_tinyimagenet_alexnet_RS_kp25_seed456,0.25,0.41225,False,0.25,alexnet,0.25,TINYIMAGENET_alexnet_RS_accuracy_kp2500_seed456,456,20000,736,42,accuracy,100456,0.41225,1,2.946887459087372,22.788547948002815,10,2.946887459087372,valid,0.4057216437113516,0.47447757719018085,0.41224999999999995,100456
RS,0.43345,732,732,random,TINYIMAGENET,737,main_b1000_tinyimagenet_alexnet_RS_kp25_seed456,0.25,0.41075,False,0.25,alexnet,0.25,TINYIMAGENET_alexnet_RS_accuracy_kp2500_seed456,456,20000,737,42,accuracy,100456,0.41075,1,2.9444789179086683,22.80843710154295,10,2.9444789179086683,valid,0.4032651726277664,0.46395805881840957,0.41075,100456
RS,0.43345,732,732,random,TINYIMAGENET,738,main_b1000_tinyimagenet_alexnet_RS_kp25_seed456,0.25,0.4131,False,0.25,alexnet,0.25,TINYIMAGENET_alexnet_RS_accuracy_kp2500_seed456,456,20000,738,42,accuracy,100456,0.4131,1,2.9260468912124633,21.94298967719078,10,2.9260468912124633,valid,0.4120796470124138,0.4716292464219245,0.4131,100456
RS,0.43345,732,732,random,TINYIMAGENET,739,main_b1000_tinyimagenet_alexnet_RS_kp25_seed456,0.25,0.42295,False,0.25,alexnet,0.25,TINYIMAGENET_alexnet_RS_accuracy_kp2500_seed456,456,20000,739,42,accuracy,100456,0.42295,2,2.9759179985523225,22.937407210469246,10,2.9759179985523225,valid,0.4218059830005767,0.475333042759946,0.42295,100456
RS,0.43345,732,732,random,TINYIMAGENET,740,main_b1000_tinyimagenet_alexnet_RS_kp25_seed456,0.25,0.40325,False,0.25,alexnet,0.25,TINYIMAGENET_alexnet_RS_accuracy_kp2500_seed456,456,20000,740,42,accuracy,100456,0.40325,1,2.9627550896644594,23.36934232711792,10,2.9627550896644594,valid,0.39810729011374724,0.4812731472303483,0.40325000000000005,100456
RS,0.43345,732,732,random,TINYIMAGENET,741,main_b1000_tinyimagenet_alexnet_RS_kp25_seed456,0.25,0.40995,False,0.25,alexnet,0.25,TINYIMAGENET_alexnet_RS_accuracy_kp2500_seed456,456,20000,741,42,accuracy,100456,0.40995,1,2.9290946900367736,22.912759222090244,10,2.9290946900367736,valid,0.4094807340798319,0.4808337594655078,0.40995000000000004,100456
RS,0.43345,732,732,random,TINYIMAGENET,742,main_b1000_tinyimagenet_alexnet_RS_kp25_seed456,0.25,0.42195,False,0.25,alexnet,0.25,TINYIMAGENET_alexnet_RS_accuracy_kp2500_seed456,456,20000,742,42,accuracy,100456,0.42195,2,2.9618408819198607,23.319543428719044,10,2.9618408819198607,valid,0.42309150103563625,0.47116906433916184,0.42195000000000005,100456
RS,0.43345,732,732,random,TINYIMAGENET,743,main_b1000_tinyimagenet_alexnet_RS_kp25_seed456,0.25,0.41055,False,0.25,alexnet,0.25,TINYIMAGENET_alexnet_RS_accuracy_kp2500_seed456,456,20000,743,42,accuracy,100456,0.41055,1,2.9522816534042358,23.21520883589983,10,2.9522816534042358,valid,0.40474769156167334,0.4720678955263668,0.4105500000000001,100456
RS,0.43345,732,732,random,TINYIMAGENET,744,main_b1000_tinyimagenet_alexnet_RS_kp25_seed456,0.25,0.4062,False,0.25,alexnet,0.25,TINYIMAGENET_alexnet_RS_accuracy_kp2500_seed456,456,20000,744,42,accuracy,100456,0.4062,1,3.0047648948669434,23.458230435848236,10,3.0047648948669434,valid,0.40633517476359754,0.4874660964682752,0.40620000000000006,100456
RS,0.43345,732,732,random,TINYIMAGENET,745,main_b1000_tinyimagenet_alexnet_RS_kp25_seed456,0.25,0.40375,False,0.25,alexnet,0.25,TINYIMAGENET_alexnet_RS_accuracy_kp2500_seed456,456,20000,745,42,accuracy,100456,0.40375,1,2.9463327809810638,23.241889759898186,10,2.9463327809810638,valid,0.4041677522589224,0.4830789347018694,0.40375,100456
RS,0.43345,732,732,random,TINYIMAGENET,746,main_b1000_tinyimagenet_alexnet_RS_kp25_seed456,0.25,0.40495,False,0.25,alexnet,0.25,TINYIMAGENET_alexnet_RS_accuracy_kp2500_seed456,456,20000,746,42,accuracy,100456,0.40495,1,2.995426081085205,23.49512553960085,10,2.995426081085205,valid,0.40361719972083826,0.4798331505789279,0.40495000000000003,100456
RS,0.43345,732,732,random,TINYIMAGENET,747,main_b1000_tinyimagenet_alexnet_RS_kp25_seed456,0.25,0.4116,False,0.25,alexnet,0.25,TINYIMAGENET_alexnet_RS_accuracy_kp2500_seed456,456,20000,747,42,accuracy,100456,0.4116,1,2.9736579141139985,23.208269208669662,10,2.9736579141139985,valid,0.40723631593781207,0.4740724533890851,0.4116,100456
RS,0.43345,732,732,random,TINYIMAGENET,748,main_b1000_tinyimagenet_alexnet_RS_kp25_seed456,0.25,0.40905,False,0.25,alexnet,0.25,TINYIMAGENET_alexnet_RS_accuracy_kp2500_seed456,456,20000,748,42,accuracy,100456,0.40905,1,2.9567603035926817,23.24396777153015,10,2.9567603035926817,valid,0.4078719752206046,0.4796503662506204,0.40905,100456
RS,0.43345,732,732,random,TINYIMAGENET,749,main_b1000_tinyimagenet_alexnet_RS_kp25_seed456,0.25,0.4133,False,0.25,alexnet,0.25,TINYIMAGENET_alexnet_RS_accuracy_kp2500_seed456,456,20000,749,42,accuracy,100456,0.4133,1,2.9106954583168028,23.421999730169773,10,2.9106954583168028,valid,0.4097633088975756,0.4742380352806681,0.4133,100456
RS,0.43345,732,732,random,TINYIMAGENET,750,main_b1000_tinyimagenet_alexnet_RS_kp25_seed456,0.25,0.4027,False,0.25,alexnet,0.25,TINYIMAGENET_alexnet_RS_accuracy_kp2500_seed456,456,20000,750,42,accuracy,100456,0.4027,1,2.984246192741394,23.22067278623581,10,2.984246192741394,valid,0.39933756539748017,0.4743548100580605,0.40269999999999995,100456
RS,0.43345,732,732,random,TINYIMAGENET,751,main_b1000_tinyimagenet_alexnet_RS_kp25_seed456,0.25,0.4234,False,0.25,alexnet,0.25,TINYIMAGENET_alexnet_RS_accuracy_kp2500_seed456,456,20000,751,42,accuracy,100456,0.4234,2,2.967951095199585,23.164781272411346,10,2.967951095199585,valid,0.4229063203601004,0.4689043383944071,0.42340000000000005,100456
RS,0.43345,732,732,random,TINYIMAGENET,752,main_b1000_tinyimagenet_alexnet_RS_kp25_seed456,0.25,0.41505,False,0.25,alexnet,0.25,TINYIMAGENET_alexnet_RS_accuracy_kp2500_seed456,456,20000,752,42,accuracy,100456,0.41505,1,2.9389449208259584,23.359851837158203,10,2.9389449208259584,valid,0.41095119709044786,0.47590117781847563,0.41505,100456
RS,0.43345,732,732,random,TINYIMAGENET,753,main_b1000_tinyimagenet_alexnet_RS_kp25_seed456,0.25,0.40655,False,0.25,alexnet,0.25,TINYIMAGENET_alexnet_RS_accuracy_kp2500_seed456,456,20000,753,42,accuracy,100456,0.40655,1,2.9919189101696015,23.204546697437763,10,2.9919189101696015,valid,0.40664546663673495,0.48119164785284474,0.40655,100456
RS,0.43345,732,732,random,TINYIMAGENET,754,main_b1000_tinyimagenet_alexnet_RS_kp25_seed456,0.25,0.4083,False,0.25,alexnet,0.25,TINYIMAGENET_alexnet_RS_accuracy_kp2500_seed456,456,20000,754,42,accuracy,100456,0.4083,1,2.9785028516769407,18.73213342577219,10,2.9785028516769407,valid,0.398398939890942,0.46414138850273723,0.4083,100456
RS,0.43345,732,732,random,TINYIMAGENET,755,main_b1000_tinyimagenet_alexnet_RS_kp25_seed456,0.25,0.4083,False,0.25,alexnet,0.25,TINYIMAGENET_alexnet_RS_accuracy_kp2500_seed456,456,20000,755,42,accuracy,100456,0.4083,1,2.95077523471117,18.793702714145184,10,2.95077523471117,valid,0.40543538183122196,0.4747250759717103,0.4083,100456
RS,0.43345,732,732,random,TINYIMAGENET,756,main_b1000_tinyimagenet_alexnet_RS_kp25_seed456,0.25,0.4052,False,0.25,alexnet,0.25,TINYIMAGENET_alexnet_RS_accuracy_kp2500_seed456,456,20000,756,42,accuracy,100456,0.4052,1,2.9607954913139345,18.60039249062538,10,2.9607954913139345,valid,0.40115056320672865,0.47225173066807713,0.40519999999999995,100456
RS,0.43345,732,732,random,TINYIMAGENET,757,main_b1000_tinyimagenet_alexnet_RS_kp25_seed456,0.25,0.40985,False,0.25,alexnet,0.25,TINYIMAGENET_alexnet_RS_accuracy_kp2500_seed456,456,20000,757,42,accuracy,100456,0.40985,1,2.943381571865082,18.77535767108202,10,2.943381571865082,valid,0.4075081578814629,0.4802706859049745,0.40985,100456
RS,0.43345,732,732,random,TINYIMAGENET,758,main_b1000_tinyimagenet_alexnet_RS_kp25_seed456,0.25,0.41145,False,0.25,alexnet,0.25,TINYIMAGENET_alexnet_RS_accuracy_kp2500_seed456,456,20000,758,42,accuracy,100456,0.41145,1,2.9505664395332336,18.996183022856712,10,2.9505664395332336,valid,0.40835021456120196,0.47561241065149135,0.41145000000000004,100456
RS,0.43345,732,732,random,TINYIMAGENET,759,main_b1000_tinyimagenet_alexnet_RS_kp25_seed456,0.25,0.4116,False,0.25,alexnet,0.25,TINYIMAGENET_alexnet_RS_accuracy_kp2500_seed456,456,20000,759,42,accuracy,100456,0.4116,1,2.92275413646698,18.537209682166576,10,2.92275413646698,valid,0.4055203323672002,0.47496076244346624,0.41159999999999997,100456
RS,0.43345,732,732,random,TINYIMAGENET,760,main_b1000_tinyimagenet_alexnet_RS_kp25_seed456,0.25,0.41115,False,0.25,alexnet,0.25,TINYIMAGENET_alexnet_RS_accuracy_kp2500_seed456,456,20000,760,42,accuracy,100456,0.41115,1,2.9564563385009768,18.67034911364317,10,2.9564563385009768,valid,0.41343288279680707,0.4868993848153724,0.41114999999999996,100456
RS,0.43345,732,732,random,TINYIMAGENET,761,main_b1000_tinyimagenet_alexnet_RS_kp25_seed456,0.25,0.4132,False,0.25,alexnet,0.25,TINYIMAGENET_alexnet_RS_accuracy_kp2500_seed456,456,20000,761,42,accuracy,100456,0.4132,1,2.9340124992370606,18.61636247485876,10,2.9340124992370606,valid,0.406388008623559,0.4765697252265714,0.4132,100456
RS,0.43345,732,732,random,TINYIMAGENET,762,main_b1000_tinyimagenet_alexnet_RS_kp25_seed456,0.25,0.41095,False,0.25,alexnet,0.25,TINYIMAGENET_alexnet_RS_accuracy_kp2500_seed456,456,20000,762,42,accuracy,100456,0.41095,1,2.9640706398963927,17.78797972202301,10,2.9640706398963927,valid,0.40734765068726936,0.47747737476015817,0.41095,100456
RS,0.43345,732,732,random,TINYIMAGENET,763,main_b1000_tinyimagenet_alexnet_RS_kp25_seed456,0.25,0.413,False,0.25,alexnet,0.25,TINYIMAGENET_alexnet_RS_accuracy_kp2500_seed456,456,20000,763,42,accuracy,100456,0.413,1,2.9233265276432037,17.450453624129295,10,2.9233265276432037,valid,0.41118376427170433,0.46804357213551184,0.413,100456
RS,0.43345,732,732,random,TINYIMAGENET,764,main_b1000_tinyimagenet_alexnet_RS_kp25_seed456,0.25,0.4153,False,0.25,alexnet,0.25,TINYIMAGENET_alexnet_RS_accuracy_kp2500_seed456,456,20000,764,42,accuracy,100456,0.4153,1,2.905453996992111,18.43027589470148,10,2.905453996992111,valid,0.41186341332704474,0.47555931531527096,0.4153,100456
RS,0.43345,732,732,random,TINYIMAGENET,765,main_b1000_tinyimagenet_alexnet_RS_kp25_seed456,0.25,0.4084,False,0.25,alexnet,0.25,TINYIMAGENET_alexnet_RS_accuracy_kp2500_seed456,456,20000,765,42,accuracy,100456,0.4084,1,2.942800359773636,18.708428010344505,10,2.942800359773636,valid,0.40559838008315696,0.4743026761095574,0.40840000000000004,100456
RS,0.45605,766,766,random,TINYIMAGENET,766,main_b1000_tinyimagenet_alexnet_RS_kp25_seed456,0.25,0.45605,True,0.25,alexnet,0.25,TINYIMAGENET_alexnet_RS_accuracy_kp2500_seed456,456,20000,766,42,accuracy,100456,0.45605,6,3.026519816303253,18.638105526566505,10,3.026519816303253,valid,0.45483226460859216,0.4643931028143985,0.45605000000000007,100456
RS,0.45605,766,766,random,TINYIMAGENET,767,main_b1000_tinyimagenet_alexnet_RS_kp25_seed456,0.25,0.4084,False,0.25,alexnet,0.25,TINYIMAGENET_alexnet_RS_accuracy_kp2500_seed456,456,20000,767,42,accuracy,100456,0.4084,1,2.94290098528862,18.5630599334836,10,2.94290098528862,valid,0.40121584421125855,0.46943696880808217,0.4084,100456
RS,0.45605,766,766,random,TINYIMAGENET,768,main_b1000_tinyimagenet_alexnet_RS_kp25_seed456,0.25,0.4099,False,0.25,alexnet,0.25,TINYIMAGENET_alexnet_RS_accuracy_kp2500_seed456,456,20000,768,42,accuracy,100456,0.4099,1,2.98116902551651,18.79167417436838,10,2.98116902551651,valid,0.40569078293004923,0.48032671125619886,0.40989999999999993,100456
RS,0.45605,766,766,random,TINYIMAGENET,769,main_b1000_tinyimagenet_alexnet_RS_kp25_seed456,0.25,0.403,False,0.25,alexnet,0.25,TINYIMAGENET_alexnet_RS_accuracy_kp2500_seed456,456,20000,769,42,accuracy,100456,0.403,1,3.0186654616355897,18.519765757024288,10,3.0186654616355897,valid,0.40232554008233296,0.4796965110391726,0.40299999999999997,100456
RS,0.45605,766,766,random,TINYIMAGENET,770,main_b1000_tinyimagenet_alexnet_RS_kp25_seed456,0.25,0.40505,False,0.25,alexnet,0.25,TINYIMAGENET_alexnet_RS_accuracy_kp2500_seed456,456,20000,770,42,accuracy,100456,0.40505,1,2.96573798828125,18.704701252281666,10,2.96573798828125,valid,0.40264722300307043,0.473087211101619,0.40505,100456
RS,0.45605,766,766,random,TINYIMAGENET,771,main_b1000_tinyimagenet_alexnet_RS_kp25_seed456,0.25,0.4041,False,0.25,alexnet,0.25,TINYIMAGENET_alexnet_RS_accuracy_kp2500_seed456,456,20000,771,42,accuracy,100456,0.4041,1,2.984861420536041,18.687792003154755,10,2.984861420536041,valid,0.40763091535863877,0.4905534067495487,0.40409999999999996,100456
RS,0.45605,766,766,random,TINYIMAGENET,772,main_b1000_tinyimagenet_alexnet_RS_kp25_seed456,0.25,0.4065,False,0.25,alexnet,0.25,TINYIMAGENET_alexnet_RS_accuracy_kp2500_seed456,456,20000,772,42,accuracy,100456,0.4065,1,2.965330985069275,18.579729676246643,10,2.965330985069275,valid,0.4028362508555585,0.47428464457235364,0.4065000000000001,100456
RS,0.45605,766,766,random,TINYIMAGENET,773,main_b1000_tinyimagenet_alexnet_RS_kp25_seed456,0.25,0.40635,False,0.25,alexnet,0.25,TINYIMAGENET_alexnet_RS_accuracy_kp2500_seed456,456,20000,773,42,accuracy,100456,0.40635,1,2.9984629668712617,18.686205461621284,10,2.9984629668712617,valid,0.40390470350086455,0.48275535331735425,0.40635000000000004,100456
RS,0.45605,766,766,random,TINYIMAGENET,774,main_b1000_tinyimagenet_alexnet_RS_kp25_seed456,0.25,0.4141,False,0.25,alexnet,0.25,TINYIMAGENET_alexnet_RS_accuracy_kp2500_seed456,456,20000,774,42,accuracy,100456,0.4141,1,2.8972258192539213,18.689724192023277,10,2.8972258192539213,valid,0.41115398488189414,0.47259885050910855,0.41409999999999997,100456
RS,0.45605,766,766,random,TINYIMAGENET,775,main_b1000_tinyimagenet_alexnet_RS_kp25_seed456,0.25,0.41,False,0.25,alexnet,0.25,TINYIMAGENET_alexnet_RS_accuracy_kp2500_seed456,456,20000,775,42,accuracy,100456,0.41,1,2.975654084253311,18.7909896671772,10,2.975654084253311,valid,0.4044919683721031,0.4696074049213803,0.41,100456
RS,0.45605,766,766,random,TINYIMAGENET,776,main_b1000_tinyimagenet_alexnet_RS_kp25_seed456,0.25,0.4126,False,0.25,alexnet,0.25,TINYIMAGENET_alexnet_RS_accuracy_kp2500_seed456,456,20000,776,42,accuracy,100456,0.4126,1,2.9285697772979735,18.71728180348873,10,2.9285697772979735,valid,0.40978387547493694,0.4878544267537241,0.41259999999999997,100456
RS,0.45605,766,766,random,TINYIMAGENET,777,main_b1000_tinyimagenet_alexnet_RS_kp25_seed456,0.25,0.4065,False,0.25,alexnet,0.25,TINYIMAGENET_alexnet_RS_accuracy_kp2500_seed456,456,20000,777,42,accuracy,100456,0.4065,1,2.9226691673755645,18.65067994594574,10,2.9226691673755645,valid,0.4066411910913976,0.47582002623023967,0.4065,100456
RS,0.45605,766,766,random,TINYIMAGENET,778,main_b1000_tinyimagenet_alexnet_RS_kp25_seed456,0.25,0.39485,False,0.25,alexnet,0.25,TINYIMAGENET_alexnet_RS_accuracy_kp2500_seed456,456,20000,778,42,accuracy,100456,0.39485,1,3.009265723991394,18.781257197260857,10,3.009265723991394,valid,0.393870946280292,0.4797177804006806,0.39485,100456
RS,0.45605,766,766,random,TINYIMAGENET,779,main_b1000_tinyimagenet_alexnet_RS_kp25_seed456,0.25,0.4267,False,0.25,alexnet,0.25,TINYIMAGENET_alexnet_RS_accuracy_kp2500_seed456,456,20000,779,42,accuracy,100456,0.4267,2,2.950218945789337,18.51513033360243,10,2.950218945789337,valid,0.4231254826371595,0.46799451771902545,0.4267,100456
RS,0.45605,766,766,random,TINYIMAGENET,780,main_b1000_tinyimagenet_alexnet_RS_kp25_seed456,0.25,0.42035,False,0.25,alexnet,0.25,TINYIMAGENET_alexnet_RS_accuracy_kp2500_seed456,456,20000,780,42,accuracy,100456,0.42035,2,2.9884917506694793,18.591989658772945,10,2.9884917506694793,valid,0.41708884266016155,0.4653331831795045,0.42035000000000006,100456
RS,0.45605,766,766,random,TINYIMAGENET,781,main_b1000_tinyimagenet_alexnet_RS_kp25_seed456,0.25,0.4049,False,0.25,alexnet,0.25,TINYIMAGENET_alexnet_RS_accuracy_kp2500_seed456,456,20000,781,42,accuracy,100456,0.4049,1,2.9937490624904632,18.78557561337948,10,2.9937490624904632,valid,0.4028990414878439,0.4764591737113649,0.4048999999999999,100456
RS,0.45605,766,766,random,TINYIMAGENET,782,main_b1000_tinyimagenet_alexnet_RS_kp25_seed456,0.25,0.40345,False,0.25,alexnet,0.25,TINYIMAGENET_alexnet_RS_accuracy_kp2500_seed456,456,20000,782,42,accuracy,100456,0.40345,1,2.945689535665512,17.603021129965782,10,2.945689535665512,valid,0.4031205124640172,0.47235233348499733,0.40345,100456
RS,0.45605,766,766,random,TINYIMAGENET,783,main_b1000_tinyimagenet_alexnet_RS_kp25_seed456,0.25,0.4168,False,0.25,alexnet,0.25,TINYIMAGENET_alexnet_RS_accuracy_kp2500_seed456,456,20000,783,42,accuracy,100456,0.4168,1,2.9081030464172364,17.57045091688633,10,2.9081030464172364,valid,0.4154424242292782,0.4766684661876961,0.41679999999999995,100456
RS,0.45605,766,766,random,TINYIMAGENET,784,main_b1000_tinyimagenet_alexnet_RS_kp25_seed456,0.25,0.40125,False,0.25,alexnet,0.25,TINYIMAGENET_alexnet_RS_accuracy_kp2500_seed456,456,20000,784,42,accuracy,100456,0.40125,1,2.99341187376976,17.805326834321022,10,2.99341187376976,valid,0.39853570659909127,0.47671709699189974,0.40125,100456
RS,0.45605,766,766,random,TINYIMAGENET,785,main_b1000_tinyimagenet_alexnet_RS_kp25_seed456,0.25,0.4156,False,0.25,alexnet,0.25,TINYIMAGENET_alexnet_RS_accuracy_kp2500_seed456,456,20000,785,42,accuracy,100456,0.4156,2,3.020085629749298,18.758887477219105,10,3.020085629749298,valid,0.41875731245678516,0.47165865470352314,0.4156,100456
RS,0.45605,766,766,random,TINYIMAGENET,786,main_b1000_tinyimagenet_alexnet_RS_kp25_seed456,0.25,0.4037,False,0.25,alexnet,0.25,TINYIMAGENET_alexnet_RS_accuracy_kp2500_seed456,456,20000,786,42,accuracy,100456,0.4037,1,2.969856993150711,19.57883358746767,10,2.969856993150711,valid,0.4011083240860583,0.47950793969722805,0.40370000000000006,100456
RS,0.45605,766,766,random,TINYIMAGENET,787,main_b1000_tinyimagenet_alexnet_RS_kp25_seed456,0.25,0.41555,False,0.25,alexnet,0.25,TINYIMAGENET_alexnet_RS_accuracy_kp2500_seed456,456,20000,787,42,accuracy,100456,0.41555,1,2.909905185651779,18.89086002856493,10,2.909905185651779,valid,0.4111409582892358,0.4784832878956113,0.4155500000000001,100456
RS,0.45605,766,766,random,TINYIMAGENET,788,main_b1000_tinyimagenet_alexnet_RS_kp25_seed456,0.25,0.40645,False,0.25,alexnet,0.25,TINYIMAGENET_alexnet_RS_accuracy_kp2500_seed456,456,20000,788,42,accuracy,100456,0.40645,1,2.987618080043793,18.760243222117424,10,2.987618080043793,valid,0.4049995911617886,0.48299747835385687,0.40645,100456
RS,0.45605,766,766,random,TINYIMAGENET,789,main_b1000_tinyimagenet_alexnet_RS_kp25_seed456,0.25,0.4167,False,0.25,alexnet,0.25,TINYIMAGENET_alexnet_RS_accuracy_kp2500_seed456,456,20000,789,42,accuracy,100456,0.4167,2,3.013795031166077,18.710817344486713,10,3.013795031166077,valid,0.4151449337626076,0.4738914708802162,0.4167,100456
RS,0.45605,766,766,random,TINYIMAGENET,790,main_b1000_tinyimagenet_alexnet_RS_kp25_seed456,0.25,0.41275,False,0.25,alexnet,0.25,TINYIMAGENET_alexnet_RS_accuracy_kp2500_seed456,456,20000,790,42,accuracy,100456,0.41275,1,2.9555079427719115,18.699340261518955,10,2.9555079427719115,valid,0.4071950432686326,0.47260299112984017,0.41275,100456
RS,0.45605,766,766,random,TINYIMAGENET,791,main_b1000_tinyimagenet_alexnet_RS_kp25_seed456,0.25,0.41085,False,0.25,alexnet,0.25,TINYIMAGENET_alexnet_RS_accuracy_kp2500_seed456,456,20000,791,42,accuracy,100456,0.41085,1,2.9227874980449675,18.890322148799896,10,2.9227874980449675,valid,0.4089065557724052,0.47184324717587794,0.41084999999999994,100456
RS,0.45605,766,766,random,TINYIMAGENET,792,main_b1000_tinyimagenet_alexnet_RS_kp25_seed456,0.25,0.42595,False,0.25,alexnet,0.25,TINYIMAGENET_alexnet_RS_accuracy_kp2500_seed456,456,20000,792,42,accuracy,100456,0.42595,2,2.9441219138145445,18.68103163689375,10,2.9441219138145445,valid,0.42562463596814853,0.4683085294347596,0.42595,100456
RS,0.45605,766,766,random,TINYIMAGENET,793,main_b1000_tinyimagenet_alexnet_RS_kp25_seed456,0.25,0.41405,False,0.25,alexnet,0.25,TINYIMAGENET_alexnet_RS_accuracy_kp2500_seed456,456,20000,793,42,accuracy,100456,0.41405,1,2.892343165779114,18.798519909381866,10,2.892343165779114,valid,0.4071430204870306,0.47039949009408955,0.41405000000000003,100456
RS,0.45605,766,766,random,TINYIMAGENET,794,main_b1000_tinyimagenet_alexnet_RS_kp25_seed456,0.25,0.4183,False,0.25,alexnet,0.25,TINYIMAGENET_alexnet_RS_accuracy_kp2500_seed456,456,20000,794,42,accuracy,100456,0.4183,1,2.8817997895240786,18.82572451978922,10,2.8817997895240786,valid,0.41226809177035184,0.4727311406965841,0.4183,100456
RS,0.45605,766,766,random,TINYIMAGENET,795,main_b1000_tinyimagenet_alexnet_RS_kp25_seed456,0.25,0.4076,False,0.25,alexnet,0.25,TINYIMAGENET_alexnet_RS_accuracy_kp2500_seed456,456,20000,795,42,accuracy,100456,0.4076,1,2.9720947988986968,18.76921709626913,10,2.9720947988986968,valid,0.4055796748432467,0.480116045572853,0.40759999999999996,100456
RS,0.45605,766,766,random,TINYIMAGENET,796,main_b1000_tinyimagenet_alexnet_RS_kp25_seed456,0.25,0.408,False,0.25,alexnet,0.25,TINYIMAGENET_alexnet_RS_accuracy_kp2500_seed456,456,20000,796,42,accuracy,100456,0.408,1,2.963923641729355,18.777426719665527,10,2.963923641729355,valid,0.4101831628356457,0.4872867021290263,0.408,100456
RS,0.45605,766,766,random,TINYIMAGENET,797,main_b1000_tinyimagenet_alexnet_RS_kp25_seed456,0.25,0.4114,False,0.25,alexnet,0.25,TINYIMAGENET_alexnet_RS_accuracy_kp2500_seed456,456,20000,797,42,accuracy,100456,0.4114,1,2.9068435059070588,18.754235684871674,10,2.9068435059070588,valid,0.4106406020049514,0.47854630420691646,0.4114,100456
RS,0.45605,766,766,random,TINYIMAGENET,798,main_b1000_tinyimagenet_alexnet_RS_kp25_seed456,0.25,0.41,False,0.25,alexnet,0.25,TINYIMAGENET_alexnet_RS_accuracy_kp2500_seed456,456,20000,798,42,accuracy,100456,0.41,1,2.9497022294044495,18.833108887076378,10,2.9497022294044495,valid,0.4085491686898277,0.47314825167675956,0.41,100456
RS,0.45605,766,766,random,TINYIMAGENET,799,main_b1000_tinyimagenet_alexnet_RS_kp25_seed456,0.25,0.40235,False,0.25,alexnet,0.25,TINYIMAGENET_alexnet_RS_accuracy_kp2500_seed456,456,20000,799,42,accuracy,100456,0.40235,1,2.9935083549022674,18.75746662169695,10,2.9935083549022674,valid,0.4000163342689683,0.48234066223439115,0.40235,100456
RS,0.45605,766,766,random,TINYIMAGENET,800,main_b1000_tinyimagenet_alexnet_RS_kp25_seed456,0.25,0.42185,False,0.25,alexnet,0.25,TINYIMAGENET_alexnet_RS_accuracy_kp2500_seed456,456,20000,800,42,accuracy,100456,0.42185,2,3.003019915628433,18.716273486614227,10,3.003019915628433,valid,0.4222236201194548,0.47127017856277525,0.42185,100456
RS,0.45605,766,766,random,TINYIMAGENET,801,main_b1000_tinyimagenet_alexnet_RS_kp25_seed456,0.25,0.40945,False,0.25,alexnet,0.25,TINYIMAGENET_alexnet_RS_accuracy_kp2500_seed456,456,20000,801,42,accuracy,100456,0.40945,1,2.915908335971832,18.810716554522514,10,2.915908335971832,valid,0.40522662106797425,0.4697420013032992,0.40945,100456
RS,0.45605,766,766,random,TINYIMAGENET,802,main_b1000_tinyimagenet_alexnet_RS_kp25_seed456,0.25,0.4111,False,0.25,alexnet,0.25,TINYIMAGENET_alexnet_RS_accuracy_kp2500_seed456,456,20000,802,42,accuracy,100456,0.4111,1,2.914795750999451,18.65074061602354,10,2.914795750999451,valid,0.412423738164377,0.47669171394925525,0.4111,100456
RS,0.45605,766,766,random,TINYIMAGENET,803,main_b1000_tinyimagenet_alexnet_RS_kp25_seed456,0.25,0.4135,False,0.25,alexnet,0.25,TINYIMAGENET_alexnet_RS_accuracy_kp2500_seed456,456,20000,803,42,accuracy,100456,0.4135,1,2.9457121168375013,18.776704654097557,10,2.9457121168375013,valid,0.40823140942571284,0.47990707640369945,0.4134999999999999,100456
RS,0.45605,766,766,random,TINYIMAGENET,804,main_b1000_tinyimagenet_alexnet_RS_kp25_seed456,0.25,0.4102,False,0.25,alexnet,0.25,TINYIMAGENET_alexnet_RS_accuracy_kp2500_seed456,456,20000,804,42,accuracy,100456,0.4102,1,2.9134746345996856,18.852596811950207,10,2.9134746345996856,valid,0.4082959604849839,0.46925172439144064,0.4102,100456
RS,0.45605,766,766,random,TINYIMAGENET,805,main_b1000_tinyimagenet_alexnet_RS_kp25_seed456,0.25,0.4113,False,0.25,alexnet,0.25,TINYIMAGENET_alexnet_RS_accuracy_kp2500_seed456,456,20000,805,42,accuracy,100456,0.4113,1,2.9399241629600525,18.60340727865696,10,2.9399241629600525,valid,0.40407885508818764,0.46539007680732075,0.4113,100456
RS,0.45605,766,766,random,TINYIMAGENET,806,main_b1000_tinyimagenet_alexnet_RS_kp25_seed456,0.25,0.4241,False,0.25,alexnet,0.25,TINYIMAGENET_alexnet_RS_accuracy_kp2500_seed456,456,20000,806,42,accuracy,100456,0.4241,2,2.977919682407379,18.64762754738331,10,2.977919682407379,valid,0.42185063348533064,0.47053935723547236,0.4241,100456
RS,0.45605,766,766,random,TINYIMAGENET,807,main_b1000_tinyimagenet_alexnet_RS_kp25_seed456,0.25,0.408,False,0.25,alexnet,0.25,TINYIMAGENET_alexnet_RS_accuracy_kp2500_seed456,456,20000,807,42,accuracy,100456,0.408,1,2.9452173125267027,18.694445200264454,10,2.9452173125267027,valid,0.4077006321213244,0.4799360989509793,0.408,100456
RS,0.45605,766,766,random,TINYIMAGENET,808,main_b1000_tinyimagenet_alexnet_RS_kp25_seed456,0.25,0.40745,False,0.25,alexnet,0.25,TINYIMAGENET_alexnet_RS_accuracy_kp2500_seed456,456,20000,808,42,accuracy,100456,0.40745,1,2.966248853349686,18.695447087287903,10,2.966248853349686,valid,0.40427130499050334,0.4798184155759522,0.40745,100456
RS,0.45605,766,766,random,TINYIMAGENET,809,main_b1000_tinyimagenet_alexnet_RS_kp25_seed456,0.25,0.4025,False,0.25,alexnet,0.25,TINYIMAGENET_alexnet_RS_accuracy_kp2500_seed456,456,20000,809,42,accuracy,100456,0.4025,1,3.0044103691101074,18.774332478642464,10,3.0044103691101074,valid,0.3975005974490335,0.4666637749173047,0.4025,100456
RS,0.45605,766,766,random,TINYIMAGENET,810,main_b1000_tinyimagenet_alexnet_RS_kp25_seed456,0.25,0.40545,False,0.25,alexnet,0.25,TINYIMAGENET_alexnet_RS_accuracy_kp2500_seed456,456,20000,810,42,accuracy,100456,0.40545,1,2.981406204533577,18.799446053802967,10,2.981406204533577,valid,0.40588227518252756,0.486334045323637,0.40545000000000003,100456
RS,0.45605,766,766,random,TINYIMAGENET,811,main_b1000_tinyimagenet_alexnet_RS_kp25_seed456,0.25,0.41215,False,0.25,alexnet,0.25,TINYIMAGENET_alexnet_RS_accuracy_kp2500_seed456,456,20000,811,42,accuracy,100456,0.41215,1,2.9229376222610473,18.787939555943012,10,2.9229376222610473,valid,0.4104237701527505,0.4798299503436833,0.41215,100456
RS,0.45605,766,766,random,TINYIMAGENET,812,main_b1000_tinyimagenet_alexnet_RS_kp25_seed456,0.25,0.40985,False,0.25,alexnet,0.25,TINYIMAGENET_alexnet_RS_accuracy_kp2500_seed456,456,20000,812,42,accuracy,100456,0.40985,1,2.952543889951706,23.35193230956793,10,2.952543889951706,valid,0.4022769743070435,0.47444089969712977,0.40985,100456
RS,0.45605,766,766,random,TINYIMAGENET,813,main_b1000_tinyimagenet_alexnet_RS_kp25_seed456,0.25,0.4116,False,0.25,alexnet,0.25,TINYIMAGENET_alexnet_RS_accuracy_kp2500_seed456,456,20000,813,42,accuracy,100456,0.4116,1,2.9328230213165285,23.425436846911907,10,2.9328230213165285,valid,0.40849450824381395,0.46928326553508753,0.41159999999999997,100456
RS,0.45605,766,766,random,TINYIMAGENET,814,main_b1000_tinyimagenet_alexnet_RS_kp25_seed456,0.25,0.4121,False,0.25,alexnet,0.25,TINYIMAGENET_alexnet_RS_accuracy_kp2500_seed456,456,20000,814,42,accuracy,100456,0.4121,1,2.918436346769333,23.198909252882004,10,2.918436346769333,valid,0.406310617271387,0.47458995522233577,0.4121,100456
RS,0.45605,766,766,random,TINYIMAGENET,815,main_b1000_tinyimagenet_alexnet_RS_kp25_seed456,0.25,0.4111,False,0.25,alexnet,0.25,TINYIMAGENET_alexnet_RS_accuracy_kp2500_seed456,456,20000,815,42,accuracy,100456,0.4111,1,2.9735183959960936,23.26756801456213,10,2.9735183959960936,valid,0.40976260546359855,0.4874527969920635,0.4111,100456
RS,0.45605,766,766,random,TINYIMAGENET,816,main_b1000_tinyimagenet_alexnet_RS_kp25_seed456,0.25,0.417,False,0.25,alexnet,0.25,TINYIMAGENET_alexnet_RS_accuracy_kp2500_seed456,456,20000,816,42,accuracy,100456,0.417,1,2.890243228626251,18.930295415222645,10,2.890243228626251,valid,0.413350271827015,0.4723899125823958,0.41700000000000004,100456
RS,0.45605,766,766,random,TINYIMAGENET,817,main_b1000_tinyimagenet_alexnet_RS_kp25_seed456,0.25,0.40305,False,0.25,alexnet,0.25,TINYIMAGENET_alexnet_RS_accuracy_kp2500_seed456,456,20000,817,42,accuracy,100456,0.40305,1,2.9673145104408265,18.800832241773605,10,2.9673145104408265,valid,0.3993398896721628,0.47768633426206114,0.4030499999999999,100456
RS,0.45605,766,766,random,TINYIMAGENET,818,main_b1000_tinyimagenet_alexnet_RS_kp25_seed456,0.25,0.40605,False,0.25,alexnet,0.25,TINYIMAGENET_alexnet_RS_accuracy_kp2500_seed456,456,20000,818,42,accuracy,100456,0.40605,1,2.9573579939842225,18.843777880072594,10,2.9573579939842225,valid,0.39914996183695783,0.4751075818759843,0.40605,100456
RS,0.45605,766,766,random,TINYIMAGENET,819,main_b1000_tinyimagenet_alexnet_RS_kp25_seed456,0.25,0.4073,False,0.25,alexnet,0.25,TINYIMAGENET_alexnet_RS_accuracy_kp2500_seed456,456,20000,819,42,accuracy,100456,0.4073,1,2.931910834980011,18.83057687431574,10,2.931910834980011,valid,0.4047330273151371,0.47414112234122585,0.4073,100456
RS,0.45605,766,766,random,TINYIMAGENET,820,main_b1000_tinyimagenet_alexnet_RS_kp25_seed456,0.25,0.41925,False,0.25,alexnet,0.25,TINYIMAGENET_alexnet_RS_accuracy_kp2500_seed456,456,20000,820,42,accuracy,100456,0.41925,2,2.995974748516083,18.80814005434513,10,2.995974748516083,valid,0.42046610882620006,0.4779836059920693,0.41924999999999996,100456
RS,0.45605,766,766,random,TINYIMAGENET,821,main_b1000_tinyimagenet_alexnet_RS_kp25_seed456,0.25,0.4171,False,0.25,alexnet,0.25,TINYIMAGENET_alexnet_RS_accuracy_kp2500_seed456,456,20000,821,42,accuracy,100456,0.4171,2,2.9881205731391907,18.623292975127697,10,2.9881205731391907,valid,0.42007839505811495,0.46952008911209203,0.4171,100456
RS,0.45605,766,766,random,TINYIMAGENET,822,main_b1000_tinyimagenet_alexnet_RS_kp25_seed456,0.25,0.41885,False,0.25,alexnet,0.25,TINYIMAGENET_alexnet_RS_accuracy_kp2500_seed456,456,20000,822,42,accuracy,100456,0.41885,1,2.9206078877925874,18.579578295350075,10,2.9206078877925874,valid,0.41402880371749506,0.4841290465749465,0.4188499999999999,100456
RS,0.45605,766,766,random,TINYIMAGENET,823,main_b1000_tinyimagenet_alexnet_RS_kp25_seed456,0.25,0.40805,False,0.25,alexnet,0.25,TINYIMAGENET_alexnet_RS_accuracy_kp2500_seed456,456,20000,823,42,accuracy,100456,0.40805,1,2.9181657175540923,18.75154071301222,10,2.9181657175540923,valid,0.4050208679448958,0.47375421975701426,0.40805,100456
RS,0.45605,766,766,random,TINYIMAGENET,824,main_b1000_tinyimagenet_alexnet_RS_kp25_seed456,0.25,0.4111,False,0.25,alexnet,0.25,TINYIMAGENET_alexnet_RS_accuracy_kp2500_seed456,456,20000,824,42,accuracy,100456,0.4111,1,2.9465191380023956,18.526132866740227,10,2.9465191380023956,valid,0.40608186887161074,0.48126988193036097,0.4111,100456
RS,0.45605,766,766,random,TINYIMAGENET,825,main_b1000_tinyimagenet_alexnet_RS_kp25_seed456,0.25,0.4252,False,0.25,alexnet,0.25,TINYIMAGENET_alexnet_RS_accuracy_kp2500_seed456,456,20000,825,42,accuracy,100456,0.4252,2,2.9527819947719576,18.70223854482174,10,2.9527819947719576,valid,0.42226769956723376,0.4704442187750303,0.42519999999999997,100456
RS,0.45605,766,766,random,TINYIMAGENET,826,main_b1000_tinyimagenet_alexnet_RS_kp25_seed456,0.25,0.4076,False,0.25,alexnet,0.25,TINYIMAGENET_alexnet_RS_accuracy_kp2500_seed456,456,20000,826,42,accuracy,100456,0.4076,1,2.9276877396583556,18.786431796848774,10,2.9276877396583556,valid,0.40381626269526194,0.4719035209824426,0.4076000000000001,100456
RS,0.45605,766,766,random,TINYIMAGENET,827,main_b1000_tinyimagenet_alexnet_RS_kp25_seed456,0.25,0.4029,False,0.25,alexnet,0.25,TINYIMAGENET_alexnet_RS_accuracy_kp2500_seed456,456,20000,827,42,accuracy,100456,0.4029,1,2.9690755986213686,23.19130413979292,10,2.9690755986213686,valid,0.4003091805952426,0.4737089253649512,0.4029,100456
RS,0.45605,766,766,random,TINYIMAGENET,828,main_b1000_tinyimagenet_alexnet_RS_kp25_seed456,0.25,0.41145,False,0.25,alexnet,0.25,TINYIMAGENET_alexnet_RS_accuracy_kp2500_seed456,456,20000,828,42,accuracy,100456,0.41145,1,2.963158224582672,23.21850585192442,10,2.963158224582672,valid,0.4104510601697025,0.4873635066255446,0.41145000000000004,100456
RS,0.45605,766,766,random,TINYIMAGENET,829,main_b1000_tinyimagenet_alexnet_RS_kp25_seed456,0.25,0.4103,False,0.25,alexnet,0.25,TINYIMAGENET_alexnet_RS_accuracy_kp2500_seed456,456,20000,829,42,accuracy,100456,0.4103,1,2.943995740699768,23.371549487113953,10,2.943995740699768,valid,0.4084303168076998,0.47871536694094613,0.4103,100456
RS,0.45605,766,766,random,TINYIMAGENET,830,main_b1000_tinyimagenet_alexnet_RS_kp25_seed456,0.25,0.4092,False,0.25,alexnet,0.25,TINYIMAGENET_alexnet_RS_accuracy_kp2500_seed456,456,20000,830,42,accuracy,100456,0.4092,1,2.951572364807129,23.069021970033646,10,2.951572364807129,valid,0.4071027445906772,0.47408360092164414,0.40919999999999995,100456
RS,0.45605,766,766,random,TINYIMAGENET,831,main_b1000_tinyimagenet_alexnet_RS_kp25_seed456,0.25,0.41055,False,0.25,alexnet,0.25,TINYIMAGENET_alexnet_RS_accuracy_kp2500_seed456,456,20000,831,42,accuracy,100456,0.41055,1,2.9333608491897585,23.245540492236614,10,2.9333608491897585,valid,0.40655522292613566,0.4759912381810459,0.41054999999999997,100456
RS,0.45605,766,766,random,TINYIMAGENET,832,main_b1000_tinyimagenet_alexnet_RS_kp25_seed456,0.25,0.40765,False,0.25,alexnet,0.25,TINYIMAGENET_alexnet_RS_accuracy_kp2500_seed456,456,20000,832,42,accuracy,100456,0.40765,1,2.9767600328922272,23.39423146098852,10,2.9767600328922272,valid,0.40188166998857366,0.4745002601271126,0.40765,100456
RS,0.45605,766,766,random,TINYIMAGENET,833,main_b1000_tinyimagenet_alexnet_RS_kp25_seed456,0.25,0.42105,False,0.25,alexnet,0.25,TINYIMAGENET_alexnet_RS_accuracy_kp2500_seed456,456,20000,833,42,accuracy,100456,0.42105,2,2.9591686366796495,23.253121465444565,10,2.9591686366796495,valid,0.42098891401888566,0.46441358503657826,0.42105000000000004,100456
RS,0.45605,766,766,random,TINYIMAGENET,834,main_b1000_tinyimagenet_alexnet_RS_kp25_seed456,0.25,0.4122,False,0.25,alexnet,0.25,TINYIMAGENET_alexnet_RS_accuracy_kp2500_seed456,456,20000,834,42,accuracy,100456,0.4122,1,2.9261542649269106,23.358765929937363,10,2.9261542649269106,valid,0.405191539788694,0.46574692672055984,0.4122,100456
RS,0.45605,766,766,random,TINYIMAGENET,835,main_b1000_tinyimagenet_alexnet_RS_kp25_seed456,0.25,0.4192,False,0.25,alexnet,0.25,TINYIMAGENET_alexnet_RS_accuracy_kp2500_seed456,456,20000,835,42,accuracy,100456,0.4192,1,2.920934328699112,23.307606481015682,10,2.920934328699112,valid,0.41564955535728215,0.4719624845564969,0.4192,100456
RS,0.45605,766,766,random,TINYIMAGENET,836,main_b1000_tinyimagenet_alexnet_RS_kp25_seed456,0.25,0.3996,False,0.25,alexnet,0.25,TINYIMAGENET_alexnet_RS_accuracy_kp2500_seed456,456,20000,836,42,accuracy,100456,0.3996,1,2.9974111431121826,23.265765845775604,10,2.9974111431121826,valid,0.3933508364200731,0.46366419501610706,0.39959999999999996,100456
RS,0.45605,766,766,random,TINYIMAGENET,837,main_b1000_tinyimagenet_alexnet_RS_kp25_seed456,0.25,0.4073,False,0.25,alexnet,0.25,TINYIMAGENET_alexnet_RS_accuracy_kp2500_seed456,456,20000,837,42,accuracy,100456,0.4073,1,2.9448820195674896,18.835241861641407,10,2.9448820195674896,valid,0.40173484556071515,0.47056067658556083,0.4073,100456
RS,0.45605,766,766,random,TINYIMAGENET,838,main_b1000_tinyimagenet_alexnet_RS_kp25_seed456,0.25,0.4149,False,0.25,alexnet,0.25,TINYIMAGENET_alexnet_RS_accuracy_kp2500_seed456,456,20000,838,42,accuracy,100456,0.4149,1,2.8823657338142397,18.92066528648138,10,2.8823657338142397,valid,0.4098977731210303,0.4584606184508304,0.41489999999999994,100456
RS,0.45605,766,766,random,TINYIMAGENET,839,main_b1000_tinyimagenet_alexnet_RS_kp25_seed456,0.25,0.41085,False,0.25,alexnet,0.25,TINYIMAGENET_alexnet_RS_accuracy_kp2500_seed456,456,20000,839,42,accuracy,100456,0.41085,1,2.9406903128623965,23.38877259939909,10,2.9406903128623965,valid,0.4063752990815142,0.48135399558623704,0.4108500000000001,100456
RS,0.45605,766,766,random,TINYIMAGENET,840,main_b1000_tinyimagenet_alexnet_RS_kp25_seed456,0.25,0.41735,False,0.25,alexnet,0.25,TINYIMAGENET_alexnet_RS_accuracy_kp2500_seed456,456,20000,840,42,accuracy,100456,0.41735,1,2.9517644011497497,23.40445827692747,10,2.9517644011497497,valid,0.41183612230698263,0.479285587871351,0.41735,100456
RS,0.45605,766,766,random,TINYIMAGENET,841,main_b1000_tinyimagenet_alexnet_RS_kp25_seed456,0.25,0.4064,False,0.25,alexnet,0.25,TINYIMAGENET_alexnet_RS_accuracy_kp2500_seed456,456,20000,841,42,accuracy,100456,0.4064,1,2.939934902381897,23.36907124519348,10,2.939934902381897,valid,0.40384086769145694,0.47061220383473285,0.4064,100456
RS,0.45605,766,766,random,TINYIMAGENET,842,main_b1000_tinyimagenet_alexnet_RS_kp25_seed456,0.25,0.40555,False,0.25,alexnet,0.25,TINYIMAGENET_alexnet_RS_accuracy_kp2500_seed456,456,20000,842,42,accuracy,100456,0.40555,1,2.9625332494735717,23.447081178426743,10,2.9625332494735717,valid,0.3982208626965874,0.4784442504850286,0.40555,100456
RS,0.45605,766,766,random,TINYIMAGENET,843,main_b1000_tinyimagenet_alexnet_RS_kp25_seed456,0.25,0.4294,False,0.25,alexnet,0.25,TINYIMAGENET_alexnet_RS_accuracy_kp2500_seed456,456,20000,843,42,accuracy,100456,0.4294,2,2.966081143665314,23.416997365653515,10,2.966081143665314,valid,0.428045853566776,0.4719666342414677,0.4294,100456
RS,0.45605,766,766,random,TINYIMAGENET,844,main_b1000_tinyimagenet_alexnet_RS_kp25_seed456,0.25,0.4093,False,0.25,alexnet,0.25,TINYIMAGENET_alexnet_RS_accuracy_kp2500_seed456,456,20000,844,42,accuracy,100456,0.4093,1,2.9382243231773377,23.25301645696163,10,2.9382243231773377,valid,0.40768678902525635,0.47551744564914467,0.4093,100456
RS,0.45605,766,766,random,TINYIMAGENET,845,main_b1000_tinyimagenet_alexnet_RS_kp25_seed456,0.25,0.4141,False,0.25,alexnet,0.25,TINYIMAGENET_alexnet_RS_accuracy_kp2500_seed456,456,20000,845,42,accuracy,100456,0.4141,1,2.908396194934845,23.329080298542976,10,2.908396194934845,valid,0.4107691886508523,0.47647662555878206,0.41409999999999997,100456
RS,0.45605,766,766,random,TINYIMAGENET,846,main_b1000_tinyimagenet_alexnet_RS_kp25_seed456,0.25,0.4085,False,0.25,alexnet,0.25,TINYIMAGENET_alexnet_RS_accuracy_kp2500_seed456,456,20000,846,42,accuracy,100456,0.4085,1,2.9377523097038267,23.39228305965662,10,2.9377523097038267,valid,0.40953537582715677,0.47975081440516054,0.4084999999999999,100456
RS,0.45605,766,766,random,TINYIMAGENET,847,main_b1000_tinyimagenet_alexnet_RS_kp25_seed456,0.25,0.40875,False,0.25,alexnet,0.25,TINYIMAGENET_alexnet_RS_accuracy_kp2500_seed456,456,20000,847,42,accuracy,100456,0.40875,1,2.993598216676712,23.35501106083393,10,2.993598216676712,valid,0.4046532514168773,0.48052635762168144,0.40875,100456
RS,0.45605,766,766,random,TINYIMAGENET,848,main_b1000_tinyimagenet_alexnet_RS_kp25_seed456,0.25,0.4083,False,0.25,alexnet,0.25,TINYIMAGENET_alexnet_RS_accuracy_kp2500_seed456,456,20000,848,42,accuracy,100456,0.4083,1,2.993638446521759,23.2621029317379,10,2.993638446521759,valid,0.40278287344110125,0.4788653665930663,0.4083,100456
RS,0.45605,766,766,random,TINYIMAGENET,849,main_b1000_tinyimagenet_alexnet_RS_kp25_seed456,0.25,0.4097,False,0.25,alexnet,0.25,TINYIMAGENET_alexnet_RS_accuracy_kp2500_seed456,456,20000,849,42,accuracy,100456,0.4097,1,2.9628684749603273,23.192922100424767,10,2.9628684749603273,valid,0.40471718037100424,0.4814185213520983,0.4097,100456
RS,0.45605,766,766,random,TINYIMAGENET,850,main_b1000_tinyimagenet_alexnet_RS_kp25_seed456,0.25,0.4044,False,0.25,alexnet,0.25,TINYIMAGENET_alexnet_RS_accuracy_kp2500_seed456,456,20000,850,42,accuracy,100456,0.4044,1,2.988209697389603,23.17699709534645,10,2.988209697389603,valid,0.3999917479603498,0.4660562902975074,0.4044,100456
RS,0.45605,766,766,random,TINYIMAGENET,851,main_b1000_tinyimagenet_alexnet_RS_kp25_seed456,0.25,0.40415,False,0.25,alexnet,0.25,TINYIMAGENET_alexnet_RS_accuracy_kp2500_seed456,456,20000,851,42,accuracy,100456,0.40415,1,2.984907495045662,23.352855697274208,10,2.984907495045662,valid,0.39979865941734816,0.47047187185081296,0.4041499999999999,100456
RS,0.45605,766,766,random,TINYIMAGENET,852,main_b1000_tinyimagenet_alexnet_RS_kp25_seed456,0.25,0.4049,False,0.25,alexnet,0.25,TINYIMAGENET_alexnet_RS_accuracy_kp2500_seed456,456,20000,852,42,accuracy,100456,0.4049,1,2.988207120847702,18.722944915294647,10,2.988207120847702,valid,0.4046380800469487,0.48669581392844335,0.40490000000000004,100456
RS,0.45605,766,766,random,TINYIMAGENET,853,main_b1000_tinyimagenet_alexnet_RS_kp25_seed456,0.25,0.41805,False,0.25,alexnet,0.25,TINYIMAGENET_alexnet_RS_accuracy_kp2500_seed456,456,20000,853,42,accuracy,100456,0.41805,1,2.907833503484726,18.788831375539303,10,2.907833503484726,valid,0.4129796738213538,0.47848096538203494,0.4180500000000001,100456
RS,0.45605,766,766,random,TINYIMAGENET,854,main_b1000_tinyimagenet_alexnet_RS_kp25_seed456,0.25,0.4012,False,0.25,alexnet,0.25,TINYIMAGENET_alexnet_RS_accuracy_kp2500_seed456,456,20000,854,42,accuracy,100456,0.4012,1,3.0388902733802796,18.751209892332554,10,3.0388902733802796,valid,0.3986377024854585,0.47141418211135383,0.4012,100456
RS,0.45605,766,766,random,TINYIMAGENET,855,main_b1000_tinyimagenet_alexnet_RS_kp25_seed456,0.25,0.42065,False,0.25,alexnet,0.25,TINYIMAGENET_alexnet_RS_accuracy_kp2500_seed456,456,20000,855,42,accuracy,100456,0.42065,2,2.9608054790496827,18.6744988784194,10,2.9608054790496827,valid,0.4184166184110658,0.47530722283506877,0.42064999999999997,100456
RS,0.45605,766,766,random,TINYIMAGENET,856,main_b1000_tinyimagenet_alexnet_RS_kp25_seed456,0.25,0.40295,False,0.25,alexnet,0.25,TINYIMAGENET_alexnet_RS_accuracy_kp2500_seed456,456,20000,856,42,accuracy,100456,0.40295,1,2.9773154890060423,18.583636477589607,10,2.9773154890060423,valid,0.4027081075929235,0.477472114375743,0.40295000000000003,100456
RS,0.45605,766,766,random,TINYIMAGENET,857,main_b1000_tinyimagenet_alexnet_RS_kp25_seed456,0.25,0.4136,False,0.25,alexnet,0.25,TINYIMAGENET_alexnet_RS_accuracy_kp2500_seed456,456,20000,857,42,accuracy,100456,0.4136,1,2.9221409635543822,18.61890735477209,10,2.9221409635543822,valid,0.40877265777605315,0.4694256755129031,0.41359999999999997,100456
RS,0.45605,766,766,random,TINYIMAGENET,858,main_b1000_tinyimagenet_alexnet_RS_kp25_seed456,0.25,0.40955,False,0.25,alexnet,0.25,TINYIMAGENET_alexnet_RS_accuracy_kp2500_seed456,456,20000,858,42,accuracy,100456,0.40955,1,2.95328617143631,18.859832979738712,10,2.95328617143631,valid,0.4078413011379743,0.4801296154442688,0.40954999999999997,100456
RS,0.45605,766,766,random,TINYIMAGENET,859,main_b1000_tinyimagenet_alexnet_RS_kp25_seed456,0.25,0.4102,False,0.25,alexnet,0.25,TINYIMAGENET_alexnet_RS_accuracy_kp2500_seed456,456,20000,859,42,accuracy,100456,0.4102,1,2.94225717022419,18.532617405056953,10,2.94225717022419,valid,0.40401650777456977,0.475130205228551,0.41019999999999995,100456
RS,0.45605,766,766,random,TINYIMAGENET,860,main_b1000_tinyimagenet_alexnet_RS_kp25_seed456,0.25,0.4055,False,0.25,alexnet,0.25,TINYIMAGENET_alexnet_RS_accuracy_kp2500_seed456,456,20000,860,42,accuracy,100456,0.4055,1,2.9587974689483643,22.010157629847527,10,2.9587974689483643,valid,0.4030625785425302,0.47517713237187875,0.40549999999999997,100456
RS,0.45605,766,766,random,TINYIMAGENET,861,main_b1000_tinyimagenet_alexnet_RS_kp25_seed456,0.25,0.4046,False,0.25,alexnet,0.25,TINYIMAGENET_alexnet_RS_accuracy_kp2500_seed456,456,20000,861,42,accuracy,100456,0.4046,1,2.9750550590515137,23.47727484256029,10,2.9750550590515137,valid,0.4012805667451042,0.4776688723157406,0.40459999999999996,100456
RS,0.45605,766,766,random,TINYIMAGENET,862,main_b1000_tinyimagenet_alexnet_RS_kp25_seed456,0.25,0.40315,False,0.25,alexnet,0.25,TINYIMAGENET_alexnet_RS_accuracy_kp2500_seed456,456,20000,862,42,accuracy,100456,0.40315,1,2.986105244207382,23.223501466214657,10,2.986105244207382,valid,0.3994789359924401,0.47489591793125074,0.40314999999999995,100456
RS,0.45605,766,766,random,TINYIMAGENET,863,main_b1000_tinyimagenet_alexnet_RS_kp25_seed456,0.25,0.41135,False,0.25,alexnet,0.25,TINYIMAGENET_alexnet_RS_accuracy_kp2500_seed456,456,20000,863,42,accuracy,100456,0.41135,1,2.9218394094944,23.237419970333576,10,2.9218394094944,valid,0.41090614830119165,0.47681014565418606,0.41135000000000005,100456
RS,0.45605,766,766,random,TINYIMAGENET,864,main_b1000_tinyimagenet_alexnet_RS_kp25_seed456,0.25,0.41655,False,0.25,alexnet,0.25,TINYIMAGENET_alexnet_RS_accuracy_kp2500_seed456,456,20000,864,42,accuracy,100456,0.41655,2,2.998471203804016,23.267181538045406,10,2.998471203804016,valid,0.41614761087519425,0.4707226419621871,0.41655000000000003,100456
RS,0.45605,766,766,random,TINYIMAGENET,865,main_b1000_tinyimagenet_alexnet_RS_kp25_seed456,0.25,0.40265,False,0.25,alexnet,0.25,TINYIMAGENET_alexnet_RS_accuracy_kp2500_seed456,456,20000,865,42,accuracy,100456,0.40265,1,2.998897617435455,23.23240678012371,10,2.998897617435455,valid,0.3986828455895381,0.4728598367038538,0.40265,100456
RS,0.45605,766,766,random,TINYIMAGENET,866,main_b1000_tinyimagenet_alexnet_RS_kp25_seed456,0.25,0.4188,False,0.25,alexnet,0.25,TINYIMAGENET_alexnet_RS_accuracy_kp2500_seed456,456,20000,866,42,accuracy,100456,0.4188,2,2.9883313026428224,23.397961735725403,10,2.9883313026428224,valid,0.4230566811162172,0.4818535832934681,0.4188,100456
RS,0.45605,766,766,random,TINYIMAGENET,867,main_b1000_tinyimagenet_alexnet_RS_kp25_seed456,0.25,0.41835,False,0.25,alexnet,0.25,TINYIMAGENET_alexnet_RS_accuracy_kp2500_seed456,456,20000,867,42,accuracy,100456,0.41835,1,2.918001789522171,23.265609726309776,10,2.918001789522171,valid,0.4136111418984275,0.47052885885183016,0.41835,100456
RS,0.45605,766,766,random,TINYIMAGENET,868,main_b1000_tinyimagenet_alexnet_RS_kp25_seed456,0.25,0.4094,False,0.25,alexnet,0.25,TINYIMAGENET_alexnet_RS_accuracy_kp2500_seed456,456,20000,868,42,accuracy,100456,0.4094,1,2.9894931416511534,23.248677745461464,10,2.9894931416511534,valid,0.4103458303028771,0.4893955119884275,0.40940000000000004,100456
RS,0.45605,766,766,random,TINYIMAGENET,869,main_b1000_tinyimagenet_alexnet_RS_kp25_seed456,0.25,0.40955,False,0.25,alexnet,0.25,TINYIMAGENET_alexnet_RS_accuracy_kp2500_seed456,456,20000,869,42,accuracy,100456,0.40955,1,2.9970761489152906,22.574578903615475,10,2.9970761489152906,valid,0.40163381538390625,0.46813858589392227,0.40954999999999997,100456
RS,0.45605,766,766,random,TINYIMAGENET,870,main_b1000_tinyimagenet_alexnet_RS_kp25_seed456,0.25,0.40015,False,0.25,alexnet,0.25,TINYIMAGENET_alexnet_RS_accuracy_kp2500_seed456,456,20000,870,42,accuracy,100456,0.40015,1,3.0034867473602294,24.886077001690865,10,3.0034867473602294,valid,0.4017108891970602,0.4854941384632238,0.40015,100456
RS,0.45605,766,766,random,TINYIMAGENET,871,main_b1000_tinyimagenet_alexnet_RS_kp25_seed456,0.25,0.4167,False,0.25,alexnet,0.25,TINYIMAGENET_alexnet_RS_accuracy_kp2500_seed456,456,20000,871,42,accuracy,100456,0.4167,1,2.8579299209594726,22.575502164661884,10,2.8579299209594726,valid,0.41266005517805027,0.4678153439124059,0.4167,100456
RS,0.45605,766,766,random,TINYIMAGENET,872,main_b1000_tinyimagenet_alexnet_RS_kp25_seed456,0.25,0.41625,False,0.25,alexnet,0.25,TINYIMAGENET_alexnet_RS_accuracy_kp2500_seed456,456,20000,872,42,accuracy,100456,0.41625,1,2.9197149632930754,23.298902191221714,10,2.9197149632930754,valid,0.41062011244177543,0.47553507739551293,0.41625,100456
RS,0.45605,766,766,random,TINYIMAGENET,873,main_b1000_tinyimagenet_alexnet_RS_kp25_seed456,0.25,0.42515,False,0.25,alexnet,0.25,TINYIMAGENET_alexnet_RS_accuracy_kp2500_seed456,456,20000,873,42,accuracy,100456,0.42515,2,2.950805215072632,23.105616569519043,10,2.950805215072632,valid,0.4252522220267736,0.47061909277350295,0.42515000000000003,100456
RS,0.45605,766,766,random,TINYIMAGENET,874,main_b1000_tinyimagenet_alexnet_RS_kp25_seed456,0.25,0.4134,False,0.25,alexnet,0.25,TINYIMAGENET_alexnet_RS_accuracy_kp2500_seed456,456,20000,874,42,accuracy,100456,0.4134,1,2.909898203754425,23.252136394381523,10,2.909898203754425,valid,0.41499479459103467,0.4747451475905393,0.41340000000000005,100456
RS,0.45605,766,766,random,TINYIMAGENET,875,main_b1000_tinyimagenet_alexnet_RS_kp25_seed456,0.25,0.40755,False,0.25,alexnet,0.25,TINYIMAGENET_alexnet_RS_accuracy_kp2500_seed456,456,20000,875,42,accuracy,100456,0.40755,1,2.9920466522693636,23.257974222302437,10,2.9920466522693636,valid,0.4053854405120698,0.482999440622716,0.40754999999999997,100456
RS,0.45605,766,766,random,TINYIMAGENET,876,main_b1000_tinyimagenet_alexnet_RS_kp25_seed456,0.25,0.4216,False,0.25,alexnet,0.25,TINYIMAGENET_alexnet_RS_accuracy_kp2500_seed456,456,20000,876,42,accuracy,100456,0.4216,2,2.9524900542736052,22.262718096375465,10,2.9524900542736052,valid,0.41842597758881406,0.46034021245873874,0.4216,100456
RS,0.45605,766,766,random,TINYIMAGENET,877,main_b1000_tinyimagenet_alexnet_RS_kp25_seed456,0.25,0.4072,False,0.25,alexnet,0.25,TINYIMAGENET_alexnet_RS_accuracy_kp2500_seed456,456,20000,877,42,accuracy,100456,0.4072,1,2.9642147934436798,23.261652551591396,10,2.9642147934436798,valid,0.40123348049927654,0.4688477901948625,0.4072,100456
RS,0.45605,766,766,random,TINYIMAGENET,878,main_b1000_tinyimagenet_alexnet_RS_kp25_seed456,0.25,0.4133,False,0.25,alexnet,0.25,TINYIMAGENET_alexnet_RS_accuracy_kp2500_seed456,456,20000,878,42,accuracy,100456,0.4133,1,2.9237484939575196,25.432797357439995,10,2.9237484939575196,valid,0.41090102537453077,0.475226238791991,0.4133,100456
RS,0.45605,766,766,random,TINYIMAGENET,879,main_b1000_tinyimagenet_alexnet_RS_kp25_seed456,0.25,0.41155,False,0.25,alexnet,0.25,TINYIMAGENET_alexnet_RS_accuracy_kp2500_seed456,456,20000,879,42,accuracy,100456,0.41155,1,2.9502576303243635,23.491776265203953,10,2.9502576303243635,valid,0.4054134961687463,0.47691299127724507,0.41155,100456
RS,0.45605,766,766,random,TINYIMAGENET,880,main_b1000_tinyimagenet_alexnet_RS_kp25_seed456,0.25,0.4231,False,0.25,alexnet,0.25,TINYIMAGENET_alexnet_RS_accuracy_kp2500_seed456,456,20000,880,42,accuracy,100456,0.4231,2,2.9672576969623567,18.85909628123045,10,2.9672576969623567,valid,0.42439846724907787,0.47281702009257176,0.42310000000000003,100456
RS,0.45605,766,766,random,TINYIMAGENET,881,main_b1000_tinyimagenet_alexnet_RS_kp25_seed456,0.25,0.4028,False,0.25,alexnet,0.25,TINYIMAGENET_alexnet_RS_accuracy_kp2500_seed456,456,20000,881,42,accuracy,100456,0.4028,1,2.9781263347625733,18.57872386276722,10,2.9781263347625733,valid,0.3998788428122381,0.4716871405240603,0.4028,100456
RS,0.45605,766,766,random,TINYIMAGENET,882,main_b1000_tinyimagenet_alexnet_RS_kp25_seed456,0.25,0.40265,False,0.25,alexnet,0.25,TINYIMAGENET_alexnet_RS_accuracy_kp2500_seed456,456,20000,882,42,accuracy,100456,0.40265,1,2.987589627075195,18.48278458416462,10,2.987589627075195,valid,0.39883317983072075,0.4749013362722965,0.40265,100456
RS,0.45605,766,766,random,TINYIMAGENET,883,main_b1000_tinyimagenet_alexnet_RS_kp25_seed456,0.25,0.40645,False,0.25,alexnet,0.25,TINYIMAGENET_alexnet_RS_accuracy_kp2500_seed456,456,20000,883,42,accuracy,100456,0.40645,1,2.937872006607056,18.545413471758366,10,2.937872006607056,valid,0.40542862711018346,0.4723966916095604,0.40645,100456
RS,0.45605,766,766,random,TINYIMAGENET,884,main_b1000_tinyimagenet_alexnet_RS_kp25_seed456,0.25,0.4223,False,0.25,alexnet,0.25,TINYIMAGENET_alexnet_RS_accuracy_kp2500_seed456,456,20000,884,42,accuracy,100456,0.4223,2,2.968227701997757,18.746291168034077,10,2.968227701997757,valid,0.4198810745830975,0.4678321647434269,0.42230000000000006,100456
RS,0.45605,766,766,random,TINYIMAGENET,885,main_b1000_tinyimagenet_alexnet_RS_kp25_seed456,0.25,0.41035,False,0.25,alexnet,0.25,TINYIMAGENET_alexnet_RS_accuracy_kp2500_seed456,456,20000,885,42,accuracy,100456,0.41035,1,2.950367953443527,21.895664304494858,10,2.950367953443527,valid,0.4097576379407185,0.4786381653045062,0.41035000000000005,100456
RS,0.45605,766,766,random,TINYIMAGENET,886,main_b1000_tinyimagenet_alexnet_RS_kp25_seed456,0.25,0.40305,False,0.25,alexnet,0.25,TINYIMAGENET_alexnet_RS_accuracy_kp2500_seed456,456,20000,886,42,accuracy,100456,0.40305,1,2.977706465911865,23.014188893139362,10,2.977706465911865,valid,0.4031615936235838,0.4741554145717096,0.4030500000000001,100456
RS,0.45605,766,766,random,TINYIMAGENET,887,main_b1000_tinyimagenet_alexnet_RS_kp25_seed456,0.25,0.41095,False,0.25,alexnet,0.25,TINYIMAGENET_alexnet_RS_accuracy_kp2500_seed456,456,20000,887,42,accuracy,100456,0.41095,1,2.942139835333824,23.571124337613583,10,2.942139835333824,valid,0.4109834009132183,0.4819309249341025,0.41095,100456
RS,0.45605,766,766,random,TINYIMAGENET,888,main_b1000_tinyimagenet_alexnet_RS_kp25_seed456,0.25,0.4083,False,0.25,alexnet,0.25,TINYIMAGENET_alexnet_RS_accuracy_kp2500_seed456,456,20000,888,42,accuracy,100456,0.4083,1,2.961707465791702,23.282853588461876,10,2.961707465791702,valid,0.40696935423169883,0.48353177565263905,0.4083,100456
RS,0.45605,766,766,random,TINYIMAGENET,889,main_b1000_tinyimagenet_alexnet_RS_kp25_seed456,0.25,0.41735,False,0.25,alexnet,0.25,TINYIMAGENET_alexnet_RS_accuracy_kp2500_seed456,456,20000,889,42,accuracy,100456,0.41735,2,3.0138074588298798,23.410409063100815,10,3.0138074588298798,valid,0.41582010829590965,0.4703206928823839,0.41735,100456
RS,0.45605,766,766,random,TINYIMAGENET,890,main_b1000_tinyimagenet_alexnet_RS_kp25_seed456,0.25,0.4102,False,0.25,alexnet,0.25,TINYIMAGENET_alexnet_RS_accuracy_kp2500_seed456,456,20000,890,42,accuracy,100456,0.4102,1,2.9244358916282653,23.304003685712814,10,2.9244358916282653,valid,0.40489645330738816,0.46571397673855836,0.41019999999999995,100456
RS,0.45605,766,766,random,TINYIMAGENET,891,main_b1000_tinyimagenet_alexnet_RS_kp25_seed456,0.25,0.40775,False,0.25,alexnet,0.25,TINYIMAGENET_alexnet_RS_accuracy_kp2500_seed456,456,20000,891,42,accuracy,100456,0.40775,1,2.9467579244613646,25.77021936327219,10,2.9467579244613646,valid,0.4044532961848287,0.47282668717724263,0.40775000000000006,100456
RS,0.45605,766,766,random,TINYIMAGENET,892,main_b1000_tinyimagenet_alexnet_RS_kp25_seed456,0.25,0.42625,False,0.25,alexnet,0.25,TINYIMAGENET_alexnet_RS_accuracy_kp2500_seed456,456,20000,892,42,accuracy,100456,0.42625,2,2.9191600965976714,23.44076517224312,10,2.9191600965976714,valid,0.423404825321416,0.4672972873159536,0.42625,100456
RS,0.45605,766,766,random,TINYIMAGENET,893,main_b1000_tinyimagenet_alexnet_RS_kp25_seed456,0.25,0.4109,False,0.25,alexnet,0.25,TINYIMAGENET_alexnet_RS_accuracy_kp2500_seed456,456,20000,893,42,accuracy,100456,0.4109,1,2.9433904039382934,23.054160870611668,10,2.9433904039382934,valid,0.40816256700074005,0.47637669153982287,0.41090000000000004,100456
RS,0.45605,766,766,random,TINYIMAGENET,894,main_b1000_tinyimagenet_alexnet_RS_kp25_seed456,0.25,0.4037,False,0.25,alexnet,0.25,TINYIMAGENET_alexnet_RS_accuracy_kp2500_seed456,456,20000,894,42,accuracy,100456,0.4037,1,2.9938640023231504,23.034715555608273,10,2.9938640023231504,valid,0.401847831406214,0.4813478055392796,0.40369999999999995,100456
RS,0.45605,766,766,random,TINYIMAGENET,895,main_b1000_tinyimagenet_alexnet_RS_kp25_seed456,0.25,0.40335,False,0.25,alexnet,0.25,TINYIMAGENET_alexnet_RS_accuracy_kp2500_seed456,456,20000,895,42,accuracy,100456,0.40335,1,2.974481610059738,23.31835240125656,10,2.974481610059738,valid,0.3993013841290207,0.47624299358808597,0.40335,100456
RS,0.45605,766,766,random,TINYIMAGENET,896,main_b1000_tinyimagenet_alexnet_RS_kp25_seed456,0.25,0.4053,False,0.25,alexnet,0.25,TINYIMAGENET_alexnet_RS_accuracy_kp2500_seed456,456,20000,896,42,accuracy,100456,0.4053,1,2.961370905971527,23.26951675117016,10,2.961370905971527,valid,0.4037490935625523,0.4807218231437024,0.4053,100456
RS,0.45605,766,766,random,TINYIMAGENET,897,main_b1000_tinyimagenet_alexnet_RS_kp25_seed456,0.25,0.4061,False,0.25,alexnet,0.25,TINYIMAGENET_alexnet_RS_accuracy_kp2500_seed456,456,20000,897,42,accuracy,100456,0.4061,1,2.9898676580429075,23.32892107963562,10,2.9898676580429075,valid,0.4012358113183511,0.4825809420012442,0.4061,100456
RS,0.45605,766,766,random,TINYIMAGENET,898,main_b1000_tinyimagenet_alexnet_RS_kp25_seed456,0.25,0.40495,False,0.25,alexnet,0.25,TINYIMAGENET_alexnet_RS_accuracy_kp2500_seed456,456,20000,898,42,accuracy,100456,0.40495,1,2.963955410718918,23.624993719160557,10,2.963955410718918,valid,0.4023954788761752,0.4722952597414453,0.40495000000000003,100456
RS,0.45605,766,766,random,TINYIMAGENET,899,main_b1000_tinyimagenet_alexnet_RS_kp25_seed456,0.25,0.4197,False,0.25,alexnet,0.25,TINYIMAGENET_alexnet_RS_accuracy_kp2500_seed456,456,20000,899,42,accuracy,100456,0.4197,2,2.998176079559326,23.272830441594124,10,2.998176079559326,valid,0.420039013043775,0.47383323288844337,0.41969999999999996,100456
RS,0.45605,766,766,random,TINYIMAGENET,900,main_b1000_tinyimagenet_alexnet_RS_kp25_seed456,0.25,0.4058,False,0.25,alexnet,0.25,TINYIMAGENET_alexnet_RS_accuracy_kp2500_seed456,456,20000,900,42,accuracy,100456,0.4058,1,3.007020636034012,23.541030563414097,10,3.007020636034012,valid,0.3998261840719995,0.47609490035862756,0.4058,100456
RS,0.45605,766,766,random,TINYIMAGENET,901,main_b1000_tinyimagenet_alexnet_RS_kp25_seed456,0.25,0.4155,False,0.25,alexnet,0.25,TINYIMAGENET_alexnet_RS_accuracy_kp2500_seed456,456,20000,901,42,accuracy,100456,0.4155,1,2.9150404197216035,23.03797072172165,10,2.9150404197216035,valid,0.41023976221401753,0.47613460156908505,0.4155,100456
RS,0.45605,766,766,random,TINYIMAGENET,902,main_b1000_tinyimagenet_alexnet_RS_kp25_seed456,0.25,0.41125,False,0.25,alexnet,0.25,TINYIMAGENET_alexnet_RS_accuracy_kp2500_seed456,456,20000,902,42,accuracy,100456,0.41125,1,2.953402507209778,25.658559285104275,10,2.953402507209778,valid,0.41040044096243883,0.4809455662958715,0.41125,100456
RS,0.45605,766,766,random,TINYIMAGENET,903,main_b1000_tinyimagenet_alexnet_RS_kp25_seed456,0.25,0.4142,False,0.25,alexnet,0.25,TINYIMAGENET_alexnet_RS_accuracy_kp2500_seed456,456,20000,903,42,accuracy,100456,0.4142,1,2.8803575815200806,18.702015958726406,10,2.8803575815200806,valid,0.41178250178906706,0.47258108647346586,0.4142,100456
RS,0.45605,766,766,random,TINYIMAGENET,904,main_b1000_tinyimagenet_alexnet_RS_kp25_seed456,0.25,0.40655,False,0.25,alexnet,0.25,TINYIMAGENET_alexnet_RS_accuracy_kp2500_seed456,456,20000,904,42,accuracy,100456,0.40655,1,2.9683992190361024,18.19496038556099,10,2.9683992190361024,valid,0.4071990013204416,0.4789658673543592,0.40655,100456
RS,0.45605,766,766,random,TINYIMAGENET,905,main_b1000_tinyimagenet_alexnet_RS_kp25_seed456,0.25,0.40515,False,0.25,alexnet,0.25,TINYIMAGENET_alexnet_RS_accuracy_kp2500_seed456,456,20000,905,42,accuracy,100456,0.40515,1,2.9818603806495667,27.91691567748785,10,2.9818603806495667,valid,0.405386155970576,0.4865182730259184,0.40515,100456
RS,0.45605,766,766,random,TINYIMAGENET,906,main_b1000_tinyimagenet_alexnet_RS_kp25_seed456,0.25,0.4052,False,0.25,alexnet,0.25,TINYIMAGENET_alexnet_RS_accuracy_kp2500_seed456,456,20000,906,42,accuracy,100456,0.4052,1,2.9697576852083207,18.802240885794163,10,2.9697576852083207,valid,0.40122554377706604,0.4724644186217772,0.4052,100456
RS,0.45605,766,766,random,TINYIMAGENET,907,main_b1000_tinyimagenet_alexnet_RS_kp25_seed456,0.25,0.4096,False,0.25,alexnet,0.25,TINYIMAGENET_alexnet_RS_accuracy_kp2500_seed456,456,20000,907,42,accuracy,100456,0.4096,1,2.9767550847053528,19.284140326082706,10,2.9767550847053528,valid,0.40223431654254244,0.4792699481024908,0.40959999999999996,100456
RS,0.45605,766,766,random,TINYIMAGENET,908,main_b1000_tinyimagenet_alexnet_RS_kp25_seed456,0.25,0.40265,False,0.25,alexnet,0.25,TINYIMAGENET_alexnet_RS_accuracy_kp2500_seed456,456,20000,908,42,accuracy,100456,0.40265,1,2.967046942234039,18.538437709212303,10,2.967046942234039,valid,0.40350885781822454,0.4707519478885843,0.40265,100456
RS,0.45605,766,766,random,TINYIMAGENET,909,main_b1000_tinyimagenet_alexnet_RS_kp25_seed456,0.25,0.41265,False,0.25,alexnet,0.25,TINYIMAGENET_alexnet_RS_accuracy_kp2500_seed456,456,20000,909,42,accuracy,100456,0.41265,1,2.9359064611911774,18.337730325758457,10,2.9359064611911774,valid,0.41115350408801377,0.4795400648698686,0.41265,100456
RS,0.45605,766,766,random,TINYIMAGENET,910,main_b1000_tinyimagenet_alexnet_RS_kp25_seed456,0.25,0.4068,False,0.25,alexnet,0.25,TINYIMAGENET_alexnet_RS_accuracy_kp2500_seed456,456,20000,910,42,accuracy,100456,0.4068,1,2.939763694906235,18.44366417825222,10,2.939763694906235,valid,0.40575133179369344,0.4749698595658111,0.4068,100456
RS,0.45605,766,766,random,TINYIMAGENET,911,main_b1000_tinyimagenet_alexnet_RS_kp25_seed456,0.25,0.4066,False,0.25,alexnet,0.25,TINYIMAGENET_alexnet_RS_accuracy_kp2500_seed456,456,20000,911,42,accuracy,100456,0.4066,1,2.979496296286583,21.138518400490284,10,2.979496296286583,valid,0.40233091164994733,0.470187566218493,0.40659999999999996,100456
RS,0.45605,766,766,random,TINYIMAGENET,912,main_b1000_tinyimagenet_alexnet_RS_kp25_seed456,0.25,0.41075,False,0.25,alexnet,0.25,TINYIMAGENET_alexnet_RS_accuracy_kp2500_seed456,456,20000,912,42,accuracy,100456,0.41075,1,2.942886300802231,18.56719372421503,10,2.942886300802231,valid,0.4060785605791098,0.48156253665094384,0.41075,100456
RS,0.45605,766,766,random,TINYIMAGENET,913,main_b1000_tinyimagenet_alexnet_RS_kp25_seed456,0.25,0.40525,False,0.25,alexnet,0.25,TINYIMAGENET_alexnet_RS_accuracy_kp2500_seed456,456,20000,913,42,accuracy,100456,0.40525,1,2.9706591662406923,23.396940544247627,10,2.9706591662406923,valid,0.3982804737681221,0.47000463359624634,0.40525000000000005,100456
RS,0.45605,766,766,random,TINYIMAGENET,914,main_b1000_tinyimagenet_alexnet_RS_kp25_seed456,0.25,0.4101,False,0.25,alexnet,0.25,TINYIMAGENET_alexnet_RS_accuracy_kp2500_seed456,456,20000,914,42,accuracy,100456,0.4101,1,2.927549191570282,23.005149692296982,10,2.927549191570282,valid,0.40597887838969227,0.478796421687044,0.4101000000000001,100456
RS,0.45605,766,766,random,TINYIMAGENET,915,main_b1000_tinyimagenet_alexnet_RS_kp25_seed456,0.25,0.4114,False,0.25,alexnet,0.25,TINYIMAGENET_alexnet_RS_accuracy_kp2500_seed456,456,20000,915,42,accuracy,100456,0.4114,1,2.9274797599315643,23.255253836512566,10,2.9274797599315643,valid,0.4012429191343484,0.461898261115366,0.4114,100456
RS,0.45605,766,766,random,TINYIMAGENET,916,main_b1000_tinyimagenet_alexnet_RS_kp25_seed456,0.25,0.41045,False,0.25,alexnet,0.25,TINYIMAGENET_alexnet_RS_accuracy_kp2500_seed456,456,20000,916,42,accuracy,100456,0.41045,1,2.9596753926753996,18.702063165605068,10,2.9596753926753996,valid,0.40859332768768225,0.47728959805228577,0.41045000000000004,100456
RS,0.45605,766,766,random,TINYIMAGENET,917,main_b1000_tinyimagenet_alexnet_RS_kp25_seed456,0.25,0.4111,False,0.25,alexnet,0.25,TINYIMAGENET_alexnet_RS_accuracy_kp2500_seed456,456,20000,917,42,accuracy,100456,0.4111,1,2.9203622831344607,18.736175037920475,10,2.9203622831344607,valid,0.40824307548979777,0.48006592943288384,0.4111,100456
RS,0.45605,766,766,random,TINYIMAGENET,918,main_b1000_tinyimagenet_alexnet_RS_kp25_seed456,0.25,0.4163,False,0.25,alexnet,0.25,TINYIMAGENET_alexnet_RS_accuracy_kp2500_seed456,456,20000,918,42,accuracy,100456,0.4163,1,2.9003756144523622,18.77297730743885,10,2.9003756144523622,valid,0.41388003222488334,0.47532290639856906,0.41629999999999995,100456
RS,0.45605,766,766,random,TINYIMAGENET,919,main_b1000_tinyimagenet_alexnet_RS_kp25_seed456,0.25,0.4062,False,0.25,alexnet,0.25,TINYIMAGENET_alexnet_RS_accuracy_kp2500_seed456,456,20000,919,42,accuracy,100456,0.4062,1,2.951373320674896,18.7334695905447,10,2.951373320674896,valid,0.4049328686237716,0.47531057682540095,0.40620000000000006,100456
RS,0.45605,766,766,random,TINYIMAGENET,920,main_b1000_tinyimagenet_alexnet_RS_kp25_seed456,0.25,0.41585,False,0.25,alexnet,0.25,TINYIMAGENET_alexnet_RS_accuracy_kp2500_seed456,456,20000,920,42,accuracy,100456,0.41585,1,2.914361356115341,18.160355865955353,10,2.914361356115341,valid,0.4088612403787357,0.47421898059123757,0.41585,100456
RS,0.45605,766,766,random,TINYIMAGENET,921,main_b1000_tinyimagenet_alexnet_RS_kp25_seed456,0.25,0.41245,False,0.25,alexnet,0.25,TINYIMAGENET_alexnet_RS_accuracy_kp2500_seed456,456,20000,921,42,accuracy,100456,0.41245,1,2.944756313705444,24.813815899193287,10,2.944756313705444,valid,0.41210395670582856,0.4789554928196732,0.41245000000000004,100456
RS,0.45605,766,766,random,TINYIMAGENET,922,main_b1000_tinyimagenet_alexnet_RS_kp25_seed456,0.25,0.4085,False,0.25,alexnet,0.25,TINYIMAGENET_alexnet_RS_accuracy_kp2500_seed456,456,20000,922,42,accuracy,100456,0.4085,1,2.9618369896411894,18.68785833567381,10,2.9618369896411894,valid,0.40549158092208254,0.4738215292784584,0.40850000000000003,100456
RS,0.45605,766,766,random,TINYIMAGENET,923,main_b1000_tinyimagenet_alexnet_RS_kp25_seed456,0.25,0.40705,False,0.25,alexnet,0.25,TINYIMAGENET_alexnet_RS_accuracy_kp2500_seed456,456,20000,923,42,accuracy,100456,0.40705,1,2.966917717075348,18.850752651691437,10,2.966917717075348,valid,0.4055870413172157,0.48224741162650103,0.40704999999999997,100456
RS,0.45605,766,766,random,TINYIMAGENET,924,main_b1000_tinyimagenet_alexnet_RS_kp25_seed456,0.25,0.4026,False,0.25,alexnet,0.25,TINYIMAGENET_alexnet_RS_accuracy_kp2500_seed456,456,20000,924,42,accuracy,100456,0.4026,1,2.9615814302444456,18.696296498179436,10,2.9615814302444456,valid,0.40397858726999375,0.47923135049197363,0.40260000000000007,100456
RS,0.45605,766,766,random,TINYIMAGENET,925,main_b1000_tinyimagenet_alexnet_RS_kp25_seed456,0.25,0.40355,False,0.25,alexnet,0.25,TINYIMAGENET_alexnet_RS_accuracy_kp2500_seed456,456,20000,925,42,accuracy,100456,0.40355,1,2.974275622797012,18.399788722395897,10,2.974275622797012,valid,0.4003848375559363,0.47530123838939686,0.40355,100456
RS,0.45605,766,766,random,TINYIMAGENET,926,main_b1000_tinyimagenet_alexnet_RS_kp25_seed456,0.25,0.4017,False,0.25,alexnet,0.25,TINYIMAGENET_alexnet_RS_accuracy_kp2500_seed456,456,20000,926,42,accuracy,100456,0.4017,1,2.989907872772217,18.562124513089657,10,2.989907872772217,valid,0.402797438572068,0.4770429631576137,0.4017,100456
RS,0.45605,766,766,random,TINYIMAGENET,927,main_b1000_tinyimagenet_alexnet_RS_kp25_seed456,0.25,0.4195,False,0.25,alexnet,0.25,TINYIMAGENET_alexnet_RS_accuracy_kp2500_seed456,456,20000,927,42,accuracy,100456,0.4195,2,2.999749506807327,18.54073243588209,10,2.999749506807327,valid,0.41828399185468684,0.4672346984598124,0.41950000000000004,100456
RS,0.45605,766,766,random,TINYIMAGENET,928,main_b1000_tinyimagenet_alexnet_RS_kp25_seed456,0.25,0.4135,False,0.25,alexnet,0.25,TINYIMAGENET_alexnet_RS_accuracy_kp2500_seed456,456,20000,928,42,accuracy,100456,0.4135,1,2.9215156904697417,18.61728387326002,10,2.9215156904697417,valid,0.4087023679929321,0.47214091677926456,0.41350000000000003,100456
RS,0.45605,766,766,random,TINYIMAGENET,929,main_b1000_tinyimagenet_alexnet_RS_kp25_seed456,0.25,0.4162,False,0.25,alexnet,0.25,TINYIMAGENET_alexnet_RS_accuracy_kp2500_seed456,456,20000,929,42,accuracy,100456,0.4162,1,2.911154142665863,18.69854925572872,10,2.911154142665863,valid,0.4132566699744886,0.4713786047230634,0.41619999999999996,100456
RS,0.45605,766,766,random,TINYIMAGENET,930,main_b1000_tinyimagenet_alexnet_RS_kp25_seed456,0.25,0.41515,False,0.25,alexnet,0.25,TINYIMAGENET_alexnet_RS_accuracy_kp2500_seed456,456,20000,930,42,accuracy,100456,0.41515,1,2.9164961226940154,18.63676545023918,10,2.9164961226940154,valid,0.4151226053995849,0.4807209483356543,0.41515,100456
RS,0.45605,766,766,random,TINYIMAGENET,931,main_b1000_tinyimagenet_alexnet_RS_kp25_seed456,0.25,0.40675,False,0.25,alexnet,0.25,TINYIMAGENET_alexnet_RS_accuracy_kp2500_seed456,456,20000,931,42,accuracy,100456,0.40675,1,2.9316612483501436,18.590104959905148,10,2.9316612483501436,valid,0.4051182576026082,0.4781858118456438,0.40674999999999994,100456
RS,0.45605,766,766,random,TINYIMAGENET,932,main_b1000_tinyimagenet_alexnet_RS_kp25_seed456,0.25,0.4081,False,0.25,alexnet,0.25,TINYIMAGENET_alexnet_RS_accuracy_kp2500_seed456,456,20000,932,42,accuracy,100456,0.4081,1,2.995531223964691,18.795372813940048,10,2.995531223964691,valid,0.40234521986733685,0.48187804952706337,0.4081,100456
RS,0.45605,766,766,random,TINYIMAGENET,933,main_b1000_tinyimagenet_alexnet_RS_kp25_seed456,0.25,0.4081,False,0.25,alexnet,0.25,TINYIMAGENET_alexnet_RS_accuracy_kp2500_seed456,456,20000,933,42,accuracy,100456,0.4081,1,2.919586759567261,18.56530874967575,10,2.919586759567261,valid,0.40269036489267224,0.4656930370925595,0.4081,100456
RS,0.45605,766,766,random,TINYIMAGENET,934,main_b1000_tinyimagenet_alexnet_RS_kp25_seed456,0.25,0.40715,False,0.25,alexnet,0.25,TINYIMAGENET_alexnet_RS_accuracy_kp2500_seed456,456,20000,934,42,accuracy,100456,0.40715,1,2.9434677762031556,18.595086455345154,10,2.9434677762031556,valid,0.40227719706265846,0.4722053161049811,0.40715,100456
RS,0.45605,766,766,random,TINYIMAGENET,935,main_b1000_tinyimagenet_alexnet_RS_kp25_seed456,0.25,0.41315,False,0.25,alexnet,0.25,TINYIMAGENET_alexnet_RS_accuracy_kp2500_seed456,456,20000,935,42,accuracy,100456,0.41315,1,2.9531297521591187,18.403129868209362,10,2.9531297521591187,valid,0.4117779342432178,0.4812433114270621,0.41314999999999996,100456
RS,0.45605,766,766,random,TINYIMAGENET,936,main_b1000_tinyimagenet_alexnet_RS_kp25_seed456,0.25,0.39555,False,0.25,alexnet,0.25,TINYIMAGENET_alexnet_RS_accuracy_kp2500_seed456,456,20000,936,42,accuracy,100456,0.39555,1,3.0160295870304106,18.210094839334488,10,3.0160295870304106,valid,0.3946266237500978,0.4724627295045981,0.39555000000000007,100456
RS,0.45605,766,766,random,TINYIMAGENET,937,main_b1000_tinyimagenet_alexnet_RS_kp25_seed456,0.25,0.41115,False,0.25,alexnet,0.25,TINYIMAGENET_alexnet_RS_accuracy_kp2500_seed456,456,20000,937,42,accuracy,100456,0.41115,1,2.899466945195198,17.900359086692333,10,2.899466945195198,valid,0.41033627061556366,0.4737490853770271,0.41115,100456
RS,0.45605,766,766,random,TINYIMAGENET,938,main_b1000_tinyimagenet_alexnet_RS_kp25_seed456,0.25,0.4062,False,0.25,alexnet,0.25,TINYIMAGENET_alexnet_RS_accuracy_kp2500_seed456,456,20000,938,42,accuracy,100456,0.4062,1,2.9848855449676512,18.624546766281128,10,2.9848855449676512,valid,0.40599856159841663,0.48460641654215886,0.40620000000000006,100456
RS,0.45605,766,766,random,TINYIMAGENET,939,main_b1000_tinyimagenet_alexnet_RS_kp25_seed456,0.25,0.4113,False,0.25,alexnet,0.25,TINYIMAGENET_alexnet_RS_accuracy_kp2500_seed456,456,20000,939,42,accuracy,100456,0.4113,1,2.9254738065481187,18.686532855033875,10,2.9254738065481187,valid,0.4094568588356583,0.47043068385007286,0.41129999999999994,100456
RS,0.45605,766,766,random,TINYIMAGENET,940,main_b1000_tinyimagenet_alexnet_RS_kp25_seed456,0.25,0.4428,False,0.25,alexnet,0.25,TINYIMAGENET_alexnet_RS_accuracy_kp2500_seed456,456,20000,940,42,accuracy,100456,0.4428,4,3.037276675796509,18.439597964286804,10,3.037276675796509,valid,0.44666175754408577,0.47280162417721483,0.4428,100456
RS,0.45605,766,766,random,TINYIMAGENET,941,main_b1000_tinyimagenet_alexnet_RS_kp25_seed456,0.25,0.4079,False,0.25,alexnet,0.25,TINYIMAGENET_alexnet_RS_accuracy_kp2500_seed456,456,20000,941,42,accuracy,100456,0.4079,1,2.9765422649383546,18.696820974349976,10,2.9765422649383546,valid,0.4022022626129088,0.47561067304691557,0.4079,100456
RS,0.45605,766,766,random,TINYIMAGENET,942,main_b1000_tinyimagenet_alexnet_RS_kp25_seed456,0.25,0.41485,False,0.25,alexnet,0.25,TINYIMAGENET_alexnet_RS_accuracy_kp2500_seed456,456,20000,942,42,accuracy,100456,0.41485,1,2.8778943584918975,18.269258186221123,10,2.8778943584918975,valid,0.4114250735548913,0.4747262713019302,0.41485,100456
RS,0.45605,766,766,random,TINYIMAGENET,943,main_b1000_tinyimagenet_alexnet_RS_kp25_seed456,0.25,0.41025,False,0.25,alexnet,0.25,TINYIMAGENET_alexnet_RS_accuracy_kp2500_seed456,456,20000,943,42,accuracy,100456,0.41025,1,2.9347379709243775,19.219334736466408,10,2.9347379709243775,valid,0.4089170399714687,0.4696038273419061,0.41025,100456
RS,0.45605,766,766,random,TINYIMAGENET,944,main_b1000_tinyimagenet_alexnet_RS_kp25_seed456,0.25,0.40855,False,0.25,alexnet,0.25,TINYIMAGENET_alexnet_RS_accuracy_kp2500_seed456,456,20000,944,42,accuracy,100456,0.40855,1,2.978226319718361,18.668941274285316,10,2.978226319718361,valid,0.404874451921105,0.46803521246150853,0.40854999999999997,100456
RS,0.45605,766,766,random,TINYIMAGENET,945,main_b1000_tinyimagenet_alexnet_RS_kp25_seed456,0.25,0.4229,False,0.25,alexnet,0.25,TINYIMAGENET_alexnet_RS_accuracy_kp2500_seed456,456,20000,945,42,accuracy,100456,0.4229,2,2.9970365944385526,25.71365348249674,10,2.9970365944385526,valid,0.4225167036674843,0.4744276564617775,0.4229,100456
RS,0.45605,766,766,random,TINYIMAGENET,946,main_b1000_tinyimagenet_alexnet_RS_kp25_seed456,0.25,0.4238,False,0.25,alexnet,0.25,TINYIMAGENET_alexnet_RS_accuracy_kp2500_seed456,456,20000,946,42,accuracy,100456,0.4238,2,2.949114432859421,18.586533702909946,10,2.949114432859421,valid,0.42337386710953445,0.4644234959936358,0.4238,100456
RS,0.45605,766,766,random,TINYIMAGENET,947,main_b1000_tinyimagenet_alexnet_RS_kp25_seed456,0.25,0.4063,False,0.25,alexnet,0.25,TINYIMAGENET_alexnet_RS_accuracy_kp2500_seed456,456,20000,947,42,accuracy,100456,0.4063,1,2.9589794945716856,18.642362877726555,10,2.9589794945716856,valid,0.4016731712645542,0.46011844919278283,0.40630000000000005,100456
RS,0.45605,766,766,random,TINYIMAGENET,948,main_b1000_tinyimagenet_alexnet_RS_kp25_seed456,0.25,0.40875,False,0.25,alexnet,0.25,TINYIMAGENET_alexnet_RS_accuracy_kp2500_seed456,456,20000,948,42,accuracy,100456,0.40875,1,2.9205081114292146,18.681755289435387,10,2.9205081114292146,valid,0.4060019664406526,0.4680226830392788,0.40875,100456
RS,0.45605,766,766,random,TINYIMAGENET,949,main_b1000_tinyimagenet_alexnet_RS_kp25_seed456,0.25,0.40645,False,0.25,alexnet,0.25,TINYIMAGENET_alexnet_RS_accuracy_kp2500_seed456,456,20000,949,42,accuracy,100456,0.40645,1,2.977933237695694,18.716710336506367,10,2.977933237695694,valid,0.4028208652100604,0.4740047085402964,0.40645000000000003,100456
RS,0.45605,766,766,random,TINYIMAGENET,950,main_b1000_tinyimagenet_alexnet_RS_kp25_seed456,0.25,0.42355,False,0.25,alexnet,0.25,TINYIMAGENET_alexnet_RS_accuracy_kp2500_seed456,456,20000,950,42,accuracy,100456,0.42355,2,2.967414640522003,18.617642603814602,10,2.967414640522003,valid,0.42253171984890264,0.46888630552921035,0.42355000000000004,100456
RS,0.45605,766,766,random,TINYIMAGENET,951,main_b1000_tinyimagenet_alexnet_RS_kp25_seed456,0.25,0.41525,False,0.25,alexnet,0.25,TINYIMAGENET_alexnet_RS_accuracy_kp2500_seed456,456,20000,951,42,accuracy,100456,0.41525,2,3.020834276723862,18.611872389912605,10,3.020834276723862,valid,0.41911431366370766,0.4760548297387262,0.41525,100456
RS,0.45605,766,766,random,TINYIMAGENET,952,main_b1000_tinyimagenet_alexnet_RS_kp25_seed456,0.25,0.4026,False,0.25,alexnet,0.25,TINYIMAGENET_alexnet_RS_accuracy_kp2500_seed456,456,20000,952,42,accuracy,100456,0.4026,1,2.973298048734665,18.749655574560165,10,2.973298048734665,valid,0.3985246156749922,0.4681096205968214,0.40259999999999996,100456
RS,0.45605,766,766,random,TINYIMAGENET,953,main_b1000_tinyimagenet_alexnet_RS_kp25_seed456,0.25,0.4104,False,0.25,alexnet,0.25,TINYIMAGENET_alexnet_RS_accuracy_kp2500_seed456,456,20000,953,42,accuracy,100456,0.4104,1,2.9595730269908906,18.530610039830208,10,2.9595730269908906,valid,0.40573048270262546,0.4717353897233121,0.41040000000000004,100456
RS,0.45605,766,766,random,TINYIMAGENET,954,main_b1000_tinyimagenet_alexnet_RS_kp25_seed456,0.25,0.41025,False,0.25,alexnet,0.25,TINYIMAGENET_alexnet_RS_accuracy_kp2500_seed456,456,20000,954,42,accuracy,100456,0.41025,1,2.923138815832138,18.571234360337257,10,2.923138815832138,valid,0.4088211422994382,0.46750846980688077,0.41025000000000006,100456
RS,0.45605,766,766,random,TINYIMAGENET,955,main_b1000_tinyimagenet_alexnet_RS_kp25_seed456,0.25,0.41305,False,0.25,alexnet,0.25,TINYIMAGENET_alexnet_RS_accuracy_kp2500_seed456,456,20000,955,42,accuracy,100456,0.41305,1,2.929949096441269,18.676591157913208,10,2.929949096441269,valid,0.4086140044878344,0.4744323707337355,0.4130500000000001,100456
RS,0.45605,766,766,random,TINYIMAGENET,956,main_b1000_tinyimagenet_alexnet_RS_kp25_seed456,0.25,0.40655,False,0.25,alexnet,0.25,TINYIMAGENET_alexnet_RS_accuracy_kp2500_seed456,456,20000,956,42,accuracy,100456,0.40655,1,2.935470656967163,18.721067652106285,10,2.935470656967163,valid,0.40513292247620614,0.4783359339290962,0.40655,100456
RS,0.45605,766,766,random,TINYIMAGENET,957,main_b1000_tinyimagenet_alexnet_RS_kp25_seed456,0.25,0.4074,False,0.25,alexnet,0.25,TINYIMAGENET_alexnet_RS_accuracy_kp2500_seed456,456,20000,957,42,accuracy,100456,0.4074,1,2.9470327612876894,18.659747138619423,10,2.9470327612876894,valid,0.40598869341555044,0.4765118484027343,0.40740000000000004,100456
RS,0.45605,766,766,random,TINYIMAGENET,958,main_b1000_tinyimagenet_alexnet_RS_kp25_seed456,0.25,0.4076,False,0.25,alexnet,0.25,TINYIMAGENET_alexnet_RS_accuracy_kp2500_seed456,456,20000,958,42,accuracy,100456,0.4076,1,2.95664808011055,18.628807462751865,10,2.95664808011055,valid,0.403773723986343,0.47135129752953037,0.4076000000000001,100456
RS,0.45605,766,766,random,TINYIMAGENET,959,main_b1000_tinyimagenet_alexnet_RS_kp25_seed456,0.25,0.4121,False,0.25,alexnet,0.25,TINYIMAGENET_alexnet_RS_accuracy_kp2500_seed456,456,20000,959,42,accuracy,100456,0.4121,1,2.9180913343429564,18.73573385924101,10,2.9180913343429564,valid,0.40537334566108624,0.47452061628142433,0.4121,100456
RS,0.45605,766,766,random,TINYIMAGENET,960,main_b1000_tinyimagenet_alexnet_RS_kp25_seed456,0.25,0.4042,False,0.25,alexnet,0.25,TINYIMAGENET_alexnet_RS_accuracy_kp2500_seed456,456,20000,960,42,accuracy,100456,0.4042,1,3.0147734801769257,18.62719962000847,10,3.0147734801769257,valid,0.39833155808257603,0.4818204623051963,0.4042,100456
RS,0.45605,766,766,random,TINYIMAGENET,961,main_b1000_tinyimagenet_alexnet_RS_kp25_seed456,0.25,0.40495,False,0.25,alexnet,0.25,TINYIMAGENET_alexnet_RS_accuracy_kp2500_seed456,456,20000,961,42,accuracy,100456,0.40495,1,2.9866765619277955,17.571436651051044,10,2.9866765619277955,valid,0.40529074190399794,0.4773048267246532,0.40495000000000003,100456
RS,0.45605,766,766,random,TINYIMAGENET,962,main_b1000_tinyimagenet_alexnet_RS_kp25_seed456,0.25,0.4093,False,0.25,alexnet,0.25,TINYIMAGENET_alexnet_RS_accuracy_kp2500_seed456,456,20000,962,42,accuracy,100456,0.4093,1,2.9302038989543915,17.85662292689085,10,2.9302038989543915,valid,0.4098330509647261,0.47265858893228974,0.40930000000000005,100456
RS,0.45605,766,766,random,TINYIMAGENET,963,main_b1000_tinyimagenet_alexnet_RS_kp25_seed456,0.25,0.40085,False,0.25,alexnet,0.25,TINYIMAGENET_alexnet_RS_accuracy_kp2500_seed456,456,20000,963,42,accuracy,100456,0.40085,1,2.986703008079529,18.529100880026817,10,2.986703008079529,valid,0.4039386878967235,0.4794700405252841,0.40085,100456
RS,0.45605,766,766,random,TINYIMAGENET,964,main_b1000_tinyimagenet_alexnet_RS_kp25_seed456,0.25,0.40665,False,0.25,alexnet,0.25,TINYIMAGENET_alexnet_RS_accuracy_kp2500_seed456,456,20000,964,42,accuracy,100456,0.40665,1,2.9424751662015916,18.541505709290504,10,2.9424751662015916,valid,0.4003680348029742,0.4641196335060384,0.40665000000000007,100456
RS,0.45605,766,766,random,TINYIMAGENET,965,main_b1000_tinyimagenet_alexnet_RS_kp25_seed456,0.25,0.4072,False,0.25,alexnet,0.25,TINYIMAGENET_alexnet_RS_accuracy_kp2500_seed456,456,20000,965,42,accuracy,100456,0.4072,1,2.9405510368347167,18.135858111083508,10,2.9405510368347167,valid,0.4035643778922634,0.4691936323639553,0.4072,100456
RS,0.45605,766,766,random,TINYIMAGENET,966,main_b1000_tinyimagenet_alexnet_RS_kp25_seed456,0.25,0.40985,False,0.25,alexnet,0.25,TINYIMAGENET_alexnet_RS_accuracy_kp2500_seed456,456,20000,966,42,accuracy,100456,0.40985,1,2.9772417672634126,27.052259124815464,10,2.9772417672634126,valid,0.40317018059431825,0.47346708839877677,0.40985,100456
RS,0.45605,766,766,random,TINYIMAGENET,967,main_b1000_tinyimagenet_alexnet_RS_kp25_seed456,0.25,0.39955,False,0.25,alexnet,0.25,TINYIMAGENET_alexnet_RS_accuracy_kp2500_seed456,456,20000,967,42,accuracy,100456,0.39955,1,3.0167554566383363,18.92321690917015,10,3.0167554566383363,valid,0.3931779813111503,0.4655838093461195,0.39954999999999996,100456
RS,0.45605,766,766,random,TINYIMAGENET,968,main_b1000_tinyimagenet_alexnet_RS_kp25_seed456,0.25,0.42715,False,0.25,alexnet,0.25,TINYIMAGENET_alexnet_RS_accuracy_kp2500_seed456,456,20000,968,42,accuracy,100456,0.42715,2,2.954001891326904,18.47430794686079,10,2.954001891326904,valid,0.4241991848994829,0.4712451061154971,0.42715,100456
RS,0.45605,766,766,random,TINYIMAGENET,969,main_b1000_tinyimagenet_alexnet_RS_kp25_seed456,0.25,0.4055,False,0.25,alexnet,0.25,TINYIMAGENET_alexnet_RS_accuracy_kp2500_seed456,456,20000,969,42,accuracy,100456,0.4055,1,2.937884522986412,18.700446724891663,10,2.937884522986412,valid,0.4025673255553706,0.47587041953108916,0.40549999999999997,100456
RS,0.45605,766,766,random,TINYIMAGENET,970,main_b1000_tinyimagenet_alexnet_RS_kp25_seed456,0.25,0.409,False,0.25,alexnet,0.25,TINYIMAGENET_alexnet_RS_accuracy_kp2500_seed456,456,20000,970,42,accuracy,100456,0.409,1,2.929690614938736,18.42479506134987,10,2.929690614938736,valid,0.4068091252905857,0.4756889910896565,0.409,100456
RS,0.45605,766,766,random,TINYIMAGENET,971,main_b1000_tinyimagenet_alexnet_RS_kp25_seed456,0.25,0.4227,False,0.25,alexnet,0.25,TINYIMAGENET_alexnet_RS_accuracy_kp2500_seed456,456,20000,971,42,accuracy,100456,0.4227,2,2.9832842277526854,18.601719230413437,10,2.9832842277526854,valid,0.42052081710726746,0.46989600005866067,0.42269999999999996,100456
RS,0.45605,766,766,random,TINYIMAGENET,972,main_b1000_tinyimagenet_alexnet_RS_kp25_seed456,0.25,0.41365,False,0.25,alexnet,0.25,TINYIMAGENET_alexnet_RS_accuracy_kp2500_seed456,456,20000,972,42,accuracy,100456,0.41365,1,2.9607387950897217,18.73279909044504,10,2.9607387950897217,valid,0.4092995046012055,0.4840151756284284,0.41365,100456
RS,0.45605,766,766,random,TINYIMAGENET,973,main_b1000_tinyimagenet_alexnet_RS_kp25_seed456,0.25,0.4046,False,0.25,alexnet,0.25,TINYIMAGENET_alexnet_RS_accuracy_kp2500_seed456,456,20000,973,42,accuracy,100456,0.4046,1,2.9988862865924837,18.52058196812868,10,2.9988862865924837,valid,0.40450584026697073,0.48640525648574423,0.40459999999999996,100456
RS,0.45605,766,766,random,TINYIMAGENET,974,main_b1000_tinyimagenet_alexnet_RS_kp25_seed456,0.25,0.40735,False,0.25,alexnet,0.25,TINYIMAGENET_alexnet_RS_accuracy_kp2500_seed456,456,20000,974,42,accuracy,100456,0.40735,1,2.9611810950279236,18.525779023766518,10,2.9611810950279236,valid,0.4064704711066537,0.4772282767634822,0.40735,100456
RS,0.45605,766,766,random,TINYIMAGENET,975,main_b1000_tinyimagenet_alexnet_RS_kp25_seed456,0.25,0.41735,False,0.25,alexnet,0.25,TINYIMAGENET_alexnet_RS_accuracy_kp2500_seed456,456,20000,975,42,accuracy,100456,0.41735,1,2.894850203704834,18.398532681167126,10,2.894850203704834,valid,0.41609983983423404,0.4773069161828529,0.41735,100456
RS,0.45605,766,766,random,TINYIMAGENET,976,main_b1000_tinyimagenet_alexnet_RS_kp25_seed456,0.25,0.4245,False,0.25,alexnet,0.25,TINYIMAGENET_alexnet_RS_accuracy_kp2500_seed456,456,20000,976,42,accuracy,100456,0.4245,2,2.9533405403614044,18.51364078372717,10,2.9533405403614044,valid,0.4226506654146228,0.4712039005738009,0.42450000000000004,100456
RS,0.45605,766,766,random,TINYIMAGENET,977,main_b1000_tinyimagenet_alexnet_RS_kp25_seed456,0.25,0.4081,False,0.25,alexnet,0.25,TINYIMAGENET_alexnet_RS_accuracy_kp2500_seed456,456,20000,977,42,accuracy,100456,0.4081,1,2.9186429374217986,18.551414467394352,10,2.9186429374217986,valid,0.4022854499312683,0.46182988779207,0.4081,100456
RS,0.45605,766,766,random,TINYIMAGENET,978,main_b1000_tinyimagenet_alexnet_RS_kp25_seed456,0.25,0.41795,False,0.25,alexnet,0.25,TINYIMAGENET_alexnet_RS_accuracy_kp2500_seed456,456,20000,978,42,accuracy,100456,0.41795,2,3.0033299461364744,18.33427717536688,10,3.0033299461364744,valid,0.41693530310835525,0.4690854243284017,0.41795000000000004,100456
RS,0.45605,766,766,random,TINYIMAGENET,979,main_b1000_tinyimagenet_alexnet_RS_kp25_seed456,0.25,0.4085,False,0.25,alexnet,0.25,TINYIMAGENET_alexnet_RS_accuracy_kp2500_seed456,456,20000,979,42,accuracy,100456,0.4085,1,2.965312965917587,18.08684052526951,10,2.965312965917587,valid,0.4063106392667937,0.4767515081397582,0.40850000000000003,100456
RS,0.45605,766,766,random,TINYIMAGENET,980,main_b1000_tinyimagenet_alexnet_RS_kp25_seed456,0.25,0.41125,False,0.25,alexnet,0.25,TINYIMAGENET_alexnet_RS_accuracy_kp2500_seed456,456,20000,980,42,accuracy,100456,0.41125,1,2.886240215921402,18.492539815604687,10,2.886240215921402,valid,0.40601257619661424,0.46535888733313696,0.41125000000000006,100456
RS,0.45605,766,766,random,TINYIMAGENET,981,main_b1000_tinyimagenet_alexnet_RS_kp25_seed456,0.25,0.4081,False,0.25,alexnet,0.25,TINYIMAGENET_alexnet_RS_accuracy_kp2500_seed456,456,20000,981,42,accuracy,100456,0.4081,1,2.986867315196991,18.463698603212833,10,2.986867315196991,valid,0.4048998272965698,0.4726231433122082,0.4081,100456
RS,0.45605,766,766,random,TINYIMAGENET,982,main_b1000_tinyimagenet_alexnet_RS_kp25_seed456,0.25,0.4078,False,0.25,alexnet,0.25,TINYIMAGENET_alexnet_RS_accuracy_kp2500_seed456,456,20000,982,42,accuracy,100456,0.4078,1,2.96497706823349,18.82941311597824,10,2.96497706823349,valid,0.40399151371815106,0.4794191568009953,0.4078,100456
RS,0.45605,766,766,random,TINYIMAGENET,983,main_b1000_tinyimagenet_alexnet_RS_kp25_seed456,0.25,0.4196,False,0.25,alexnet,0.25,TINYIMAGENET_alexnet_RS_accuracy_kp2500_seed456,456,20000,983,42,accuracy,100456,0.4196,2,2.9555598139762878,18.540493212640285,10,2.9555598139762878,valid,0.4209541295332667,0.46780136730163435,0.4195999999999999,100456
RS,0.45605,766,766,random,TINYIMAGENET,984,main_b1000_tinyimagenet_alexnet_RS_kp25_seed456,0.25,0.40665,False,0.25,alexnet,0.25,TINYIMAGENET_alexnet_RS_accuracy_kp2500_seed456,456,20000,984,42,accuracy,100456,0.40665,1,2.9665069583415984,18.777729503810406,10,2.9665069583415984,valid,0.4062118962446754,0.4812889433149889,0.40665000000000007,100456
RS,0.45605,766,766,random,TINYIMAGENET,985,main_b1000_tinyimagenet_alexnet_RS_kp25_seed456,0.25,0.41315,False,0.25,alexnet,0.25,TINYIMAGENET_alexnet_RS_accuracy_kp2500_seed456,456,20000,985,42,accuracy,100456,0.41315,1,2.9107901054382324,18.787150010466576,10,2.9107901054382324,valid,0.40915084991456546,0.4756738887467117,0.4131500000000001,100456
RS,0.45605,766,766,random,TINYIMAGENET,986,main_b1000_tinyimagenet_alexnet_RS_kp25_seed456,0.25,0.42105,False,0.25,alexnet,0.25,TINYIMAGENET_alexnet_RS_accuracy_kp2500_seed456,456,20000,986,42,accuracy,100456,0.42105,2,2.9902010852336884,18.530028112232685,10,2.9902010852336884,valid,0.42485437754206473,0.4768740237180629,0.42105000000000004,100456
RS,0.45605,766,766,random,TINYIMAGENET,987,main_b1000_tinyimagenet_alexnet_RS_kp25_seed456,0.25,0.40535,False,0.25,alexnet,0.25,TINYIMAGENET_alexnet_RS_accuracy_kp2500_seed456,456,20000,987,42,accuracy,100456,0.40535,1,2.9622176265716553,18.67041501402855,10,2.9622176265716553,valid,0.40307454000436527,0.4762885641531345,0.40535,100456
RS,0.45605,766,766,random,TINYIMAGENET,988,main_b1000_tinyimagenet_alexnet_RS_kp25_seed456,0.25,0.40985,False,0.25,alexnet,0.25,TINYIMAGENET_alexnet_RS_accuracy_kp2500_seed456,456,20000,988,42,accuracy,100456,0.40985,1,2.923381889486313,18.72390592843294,10,2.923381889486313,valid,0.40976571768714576,0.47733769243197416,0.40985,100456
RS,0.45605,766,766,random,TINYIMAGENET,989,main_b1000_tinyimagenet_alexnet_RS_kp25_seed456,0.25,0.4136,False,0.25,alexnet,0.25,TINYIMAGENET_alexnet_RS_accuracy_kp2500_seed456,456,20000,989,42,accuracy,100456,0.4136,1,2.9196592591285704,18.66965539008379,10,2.9196592591285704,valid,0.408797460826668,0.4767996944246937,0.41359999999999997,100456
RS,0.45605,766,766,random,TINYIMAGENET,990,main_b1000_tinyimagenet_alexnet_RS_kp25_seed456,0.25,0.4088,False,0.25,alexnet,0.25,TINYIMAGENET_alexnet_RS_accuracy_kp2500_seed456,456,20000,990,42,accuracy,100456,0.4088,1,2.948848042821884,18.576278679072857,10,2.948848042821884,valid,0.41011337708807816,0.48167948276047867,0.40879999999999994,100456
RS,0.45605,766,766,random,TINYIMAGENET,991,main_b1000_tinyimagenet_alexnet_RS_kp25_seed456,0.25,0.4086,False,0.25,alexnet,0.25,TINYIMAGENET_alexnet_RS_accuracy_kp2500_seed456,456,20000,991,42,accuracy,100456,0.4086,1,2.9570765465259554,18.49937266856432,10,2.9570765465259554,valid,0.4020408092381821,0.46247850542531493,0.4086,100456
RS,0.45605,766,766,random,TINYIMAGENET,992,main_b1000_tinyimagenet_alexnet_RS_kp25_seed456,0.25,0.42175,False,0.25,alexnet,0.25,TINYIMAGENET_alexnet_RS_accuracy_kp2500_seed456,456,20000,992,42,accuracy,100456,0.42175,2,2.9614292558193207,18.658849522471428,10,2.9614292558193207,valid,0.4187346435504189,0.4645395410452158,0.42175000000000007,100456
RS,0.45605,766,766,random,TINYIMAGENET,993,main_b1000_tinyimagenet_alexnet_RS_kp25_seed456,0.25,0.4069,False,0.25,alexnet,0.25,TINYIMAGENET_alexnet_RS_accuracy_kp2500_seed456,456,20000,993,42,accuracy,100456,0.4069,1,2.9621855578422545,18.471232026815414,10,2.9621855578422545,valid,0.40283245443258653,0.467326959734161,0.4069,100456
RS,0.45605,766,766,random,TINYIMAGENET,994,main_b1000_tinyimagenet_alexnet_RS_kp25_seed456,0.25,0.4126,False,0.25,alexnet,0.25,TINYIMAGENET_alexnet_RS_accuracy_kp2500_seed456,456,20000,994,42,accuracy,100456,0.4126,1,2.9266187797546386,18.57892556488514,10,2.9266187797546386,valid,0.40813678747082294,0.4787414064623847,0.4126000000000001,100456
RS,0.45605,766,766,random,TINYIMAGENET,995,main_b1000_tinyimagenet_alexnet_RS_kp25_seed456,0.25,0.40265,False,0.25,alexnet,0.25,TINYIMAGENET_alexnet_RS_accuracy_kp2500_seed456,456,20000,995,42,accuracy,100456,0.40265,1,2.988815921497345,18.81202358007431,10,2.988815921497345,valid,0.40320787789349266,0.48472019789694415,0.40265,100456
RS,0.45605,766,766,random,TINYIMAGENET,996,main_b1000_tinyimagenet_alexnet_RS_kp25_seed456,0.25,0.4138,False,0.25,alexnet,0.25,TINYIMAGENET_alexnet_RS_accuracy_kp2500_seed456,456,20000,996,42,accuracy,100456,0.4138,1,2.907754248189926,18.47247466444969,10,2.907754248189926,valid,0.41311352428091025,0.47402083901077174,0.4138,100456
RS,0.45605,766,766,random,TINYIMAGENET,997,main_b1000_tinyimagenet_alexnet_RS_kp25_seed456,0.25,0.4027,False,0.25,alexnet,0.25,TINYIMAGENET_alexnet_RS_accuracy_kp2500_seed456,456,20000,997,42,accuracy,100456,0.4027,1,2.9760094191551207,19.541720174252987,10,2.9760094191551207,valid,0.40113014276671427,0.4754653000060198,0.40270000000000006,100456
RS,0.45605,766,766,random,TINYIMAGENET,998,main_b1000_tinyimagenet_alexnet_RS_kp25_seed456,0.25,0.4165,False,0.25,alexnet,0.25,TINYIMAGENET_alexnet_RS_accuracy_kp2500_seed456,456,20000,998,42,accuracy,100456,0.4165,1,2.90570852060318,18.590551480650902,10,2.90570852060318,valid,0.41366787488773554,0.47141249917967715,0.4165,100456
RS,0.45605,766,766,random,TINYIMAGENET,999,main_b1000_tinyimagenet_alexnet_RS_kp25_seed456,0.25,0.417,False,0.25,alexnet,0.25,TINYIMAGENET_alexnet_RS_accuracy_kp2500_seed456,456,20000,999,42,accuracy,100456,0.417,1,2.8852674337863924,18.521665938198566,10,2.8852674337863924,valid,0.4114151661716774,0.4722130058878836,0.41700000000000004,100456
RS,0.45605,766,766,random,TINYIMAGENET,1000,main_b1000_tinyimagenet_alexnet_RS_kp25_seed456,0.25,0.4226,False,0.25,alexnet,0.25,TINYIMAGENET_alexnet_RS_accuracy_kp2500_seed456,456,20000,1000,42,accuracy,100456,0.4226,2,2.9547211720466615,18.531328290700912,10,2.9547211720466615,valid,0.41955940090635474,0.4678814389039023,0.42260000000000003,100456
